+0s 37 5776.01 -3723.43 0 14
+0s 38 -6929.44 -4978.88 0 14
+0s 39 -7046.08 -6934.2 0 14
+0s 40 6356.41 -2459.33 0 14
+0s 41 5311.03 -7317.56 0 14
+0s 42 -5830 9360.31 0 14
+0s 43 -7163.82 5932.44 0 14
+0s 44 6917.07 1162.03 0 14
+0s 45 1970.24 -5092.32 0 14
+0s 46 -652.807 -4667.99 0 14
+0s 47 -1368.42 -1698.61 0 14
+0s 48 4657.25 -7452.53 0 14
+0s 49 3083.42 2843.65 0 14
+0s 50 5000.59 -6743 0 14
+0s 51 2490.71 -2117 0 14
+0s 52 -2304.27 -2794.26 0 14
+0s 53 -4254.74 -9136.61 0 14
+0s 54 -8547.34 -5159.25 0 14
+0s 55 1423.85 9552.13 0 14
+0s 56 -5715.2 -1759 0 14
+0s 57 -4359.61 -7592.59 0 14
+0s 58 3942.81 5097.39 0 14
+0s 59 9856.63 -6273.47 0 14
+0s 60 -7934.88 -5422.22 0 14
+0s 61 1493.58 -3459.75 0 14
+0s 62 4423.34 -8204.35 0 14
+0s 63 -8614.6 404.098 0 14
+0s 64 3357.04 2753.71 0 14
+0s 65 1576.5 589.58 0 14
+0s 66 3935.4 4759.45 0 14
+0s 67 -4274.89 -8191.27 0 14
+0s 68 268.593 6898.82 0 14
+0s 69 2159.15 -4129.83 0 14
+0s 70 -1576.72 9691.01 0 14
+0s 71 -2670.49 -4782.95 0 14
+0s 72 1478.89 6818.95 0 14
+0s 73 221.707 -3783.92 0 14
+0s 74 -3442.79 2843.55 0 14
+0s 75 -5106.95 6273.79 0 14
+0s 76 -8560.12 -4621.3 0 14
+0s 77 90.5277 9024.06 0 14
+0s 78 8249.13 272.889 0 14
+0s 79 8415.03 7391.53 0 14
+0s 80 -2566.63 3779.84 0 14
+0s 81 -3360.92 619.238 0 14
+0s 82 -9874.6 -5636.14 0 14
+0s 83 1473.31 -6980.73 0 14
+0s 84 6412.91 6626.17 0 14
+0s 85 -8121.37 6372.21 0 14
+0s 86 -3272.22 1628.08 0 14
+0s 87 -1806.55 4727.91 0 14
+0s 88 -2758.28 -1748.47 0 14
+0s 89 6548.16 6508.44 0 14
+0s 90 4498.81 -7135.85 0 14
+0s 91 8384.09 -2978.31 0 14
+0s 92 608.596 -5351.09 0 14
+0s 93 -975.063 6214.93 0 14
+0s 94 -5177.73 2123.11 0 14
+0s 95 -2535.9 -3648.31 0 14
+0s 96 9369.65 3348.67 0 14
+0s 97 9015.99 4511.64 0 14
+0s 98 -3233.7 6591.66 0 14
+0s 99 5804.48 -2131.28 0 14
+0s 100 -8891.35 -6976.28 0 14
+0s 101 -7688.6 -6703.19 0 14
+0s 102 -2226.03 468.449 0 14
+0s 103 712.66 -7757.68 0 14
+0s 104 630.228 1668.2 0 14
+0s 105 -5322.39 7430 0 14
+0s 106 -6202.5 7274.89 0 14
+0s 107 5594.74 2853.45 0 14
+0s 108 -164.963 -1006.77 0 14
+0s 109 8127.34 4040.02 0 14
+0s 110 937.534 666.934 0 14
+0s 111 -7242.88 5640.92 0 14
+0s 112 5383.96 -6426.54 0 14
+0s 113 -8642.24 4963.41 0 14
+0s 114 -6145.79 9541.79 0 14
+0s 115 -6432 6123.18 0 14
+0s 116 9736.01 5728.42 0 14
+0s 117 -5477.71 -3201.03 0 14
+0s 118 -3709.37 2132.2 0 14
+0s 119 -9798.74 1245.25 0 14
+0s 120 -1629.89 3033.87 0 14
+0s 121 -6227.16 9819.53 0 14
+0s 122 -6221.34 -6953 0 14
+0s 123 1586.98 -5484.02 0 14
+0s 124 -7838.01 7702.9 0 14
+0s 125 -9891.76 1695.74 0 14
+0s 126 -3129.32 4893.48 0 14
+0s 127 629.084 -577.515 0 14
+0s 128 -5099.99 -4951.87 0 14
+0s 129 -9166.4 -8394.07 0 14
+0s 130 9114.12 -7109.69 0 14
+0s 131 -7423.08 -2791.51 0 14
+0s 132 2616.55 -3345.54 0 14
+0s 133 679.83 6687.48 0 14
+0s 134 1707.64 -3456.64 0 14
+0s 135 1473.9 6125.85 0 14
+0s 136 -5112.69 7894 0 14
+0s 137 -9878.94 -7455.93 0 14
+0s 138 -3130.39 -4045.25 0 14
+0s 139 2492.38 2413.38 0 14
+0s 140 6187.27 8922.17 0 14
+0s 141 4560.64 4578.19 0 14
+0s 142 -141.208 8738.14 0 14
+0s 143 -2512.85 -3385.89 0 14
+0s 144 -8542.67 2677.88 0 14
+0s 145 -220.597 124.839 0 14
+0s 146 8523.25 -1991.77 0 14
+0s 147 7951.59 8970.69 0 14
+0s 148 743.668 8431.15 0 14
+0s 149 1337.55 9637.62 0 14
+0s 150 -7621.95 5846.53 0 14
+0s 151 -391.693 264.498 0 14
+0s 152 -7811.88 7728.28 0 14
+0s 153 4493.07 -5810.04 0 14
+0s 154 -5441.17 2621.85 0 14
+0s 155 7286.87 5034.11 0 14
+0s 156 -4025.64 1532.49 0 14
+0s 157 -8157.98 -8067.44 0 14
+0s 158 2520.89 -7609.18 0 14
+0s 159 -9040.74 -9279.93 0 14
+0s 160 9495.15 -4088.78 0 14
+0s 161 -7325.26 -2408.55 0 14
+0s 162 -8324.24 5669.9 0 14
+0s 163 6766.34 1857.43 0 14
+0s 164 -1332.16 6879.31 0 14
+0s 165 4500.37 9368.42 0 14
+0s 166 -8973.44 9215.94 0 14
+0s 167 9462.13 4055.34 0 14
+0s 168 -5345.52 -1451.61 0 14
+0s 169 -4536.55 -7398.25 0 14
+0s 170 -2681.16 -8680.54 0 14
+0s 171 -7596.94 -1049.21 0 14
+0s 172 -8978.54 -1269.9 0 14
+0s 173 7724.63 -8392.5 0 14
+0s 174 -5254.37 -6003.95 0 14
+0s 175 3212.36 -8674.55 0 14
+0s 176 -9504.18 3522.8 0 14
+0s 177 1604.9 5801.5 0 14
+0s 178 3860.81 -8444.6 0 14
+0s 179 -7193.85 -9268.68 0 14
+0s 180 -3139.05 8089.6 0 14
+0s 181 6336.75 -4714.23 0 14
+0s 182 8316.66 5105.97 0 14
+0s 183 6785 -7389.51 0 14
+0s 184 9396.57 -5648.92 0 14
+0s 185 -7082.5 5437.48 0 14
+0s 186 4636.22 7250.3 0 14
+0s 187 5372.68 -6401.72 0 14
+0s 188 -2153.68 -8559.11 0 14
+0s 189 5049.07 3267.16 0 14
+0s 190 -7015.06 4388.7 0 14
+0s 191 9607.62 -3572.32 0 14
+0s 192 -8391.95 8636.12 0 14
+0s 193 3971.08 -3545.83 0 14
+0s 194 -3648.44 -9465.4 0 14
+0s 195 5255.76 -8547 0 14
+0s 196 4526.43 1736.86 0 14
+0s 197 9613.5 -10.6149 0 14
+0s 198 4653.56 -5374.19 0 14
+0s 199 3033.7 6573.43 0 14
+0s 200 -7730.63 -1244.2 0 14
+0s 201 -5183.45 5294.2 0 14
+0s 202 -7284.32 -4023.87 0 14
+0s 203 -2597.62 -5352.4 0 14
+0s 204 -9567.34 377.916 0 14
+0s 205 6529.42 -4171.72 0 14
+0s 206 -3048.36 -9278.28 0 14
+0s 207 9495.53 -3783.9 0 14
+0s 208 -1371.85 7520.64 0 14
+0s 209 6580.8 9052.89 0 14
+0s 210 -2259.89 -7156.19 0 14
+0s 211 -7097.17 9609.69 0 14
+0s 212 7357 -1136.32 0 14
+0s 213 6003.11 2688.74 0 14
+0s 214 -4023.03 -5095.98 0 14
+0s 215 -749.396 5933.76 0 14
+0s 216 -3032.77 -9493.31 0 14
+0s 217 4812.66 -2380.45 0 14
+0s 218 -4235.63 -8863.31 0 14
+0s 219 7402.13 -3434.13 0 14
+0s 220 2929.61 2261.97 0 14
+0s 221 -8313.31 551.917 0 14
+0s 222 1425.33 -5877.29 0 14
+0s 223 1929.3 -5994.57 0 14
+0s 224 1669.04 2208.12 0 14
+0s 225 -2985.18 4295.69 0 14
+0s 226 4534.59 9671.09 0 14
+0s 227 -1635.22 -1788.72 0 14
+0s 228 -8936.31 7419.55 0 14
+0s 229 -8578.94 4113.49 0 14
+0s 230 -3188.6 -4482.63 0 14
+0s 231 -5183.99 -3706.59 0 14
+0s 232 -8076 1651.19 0 14
+0s 233 -1015.9 9917.97 0 14
+0s 234 -9384.34 3103.6 0 14
+0s 235 3326.89 3678.99 0 14
+0s 236 3811.11 -7153.8 0 14
+0s 237 2276.18 5534.53 0 14
+0s 238 4003.47 8762.59 0 14
+0s 239 7510.47 -6141.55 0 14
+0s 240 1481.83 -4945.26 0 14
+0s 241 -183.251 5738.75 0 14
+0s 242 7758.8 4115.76 0 14
+0s 243 9840.16 -3761.96 0 14
+0s 244 9673.31 -701.293 0 14
+0s 245 3965.99 965.082 0 14
+0s 246 5972.21 6556.25 0 14
+0s 247 2369.96 3330.86 0 14
+0s 248 -9834.48 760.389 0 14
+0s 249 -6370.49 4663.41 0 14
+0s 250 1938.25 4678.8 0 14
+0s 251 1715.29 -6377 0 14
+0s 252 1292.23 355.139 0 14
+0s 253 -7729.81 -2958.45 0 14
+0s 254 1744.41 3311.63 0 14
+0s 255 -1628.98 5482.6 0 14
+0s 256 -564.069 1692.57 0 14
+0s 257 -1937.15 104.681 0 14
+0s 258 6460.02 8813.79 0 14
+0s 259 -4827.84 7504.56 0 14
+0s 260 -171.492 -2868.39 0 14
+0s 261 5229.98 6713.81 0 14
+0s 262 -199.871 -502.766 0 14
+0s 263 3614.5 -6667.27 0 14
+0s 264 -7280.17 5387 0 14
+0s 265 -5363.09 -6840.89 0 14
+0s 266 -3240.25 8760.2 0 14
+0s 267 4389.68 7041.86 0 14
+0s 268 -9803.59 -8425.96 0 14
+0s 269 -823.137 -9062.4 0 14
+0s 270 6700.26 8820.97 0 14
+0s 271 8372.46 -2470.17 0 14
+0s 272 3215.59 1089.35 0 14
+0s 273 -5687.52 9574.84 0 14
+0s 274 9082.39 -8680.79 0 14
+0s 275 -6593.7 -9164.65 0 14
+0s 276 -755.596 2496.71 0 14
+0s 277 2616.84 -7773.38 0 14
+0s 278 -8781.88 -2026.72 0 14
+0s 279 -1105.03 6804.67 0 14
+0s 280 -6374.64 7179.55 0 14
+0s 281 8997.93 -9311.58 0 14
+0s 282 -4404.35 566.947 0 14
+0s 283 -5332.41 710.133 0 14
+0s 284 -4938.89 -4789.2 0 14
+0s 285 -9146.13 8480.57 0 14
+0s 286 7013.94 2417.95 0 14
+0s 287 1847.04 -4823.84 0 14
+0s 288 -5199.63 -1978.56 0 14
+0s 289 6392.62 -9248.51 0 14
+0s 290 -6580.01 7895.57 0 14
+0s 291 6598.74 -8267.39 0 14
+0s 292 4748.72 5757.53 0 14
+0s 293 1437.48 9450.49 0 14
+0s 294 -9827.98 -9365.42 0 14
+0s 295 -57.2011 8137.98 0 14
+0s 296 -9123.49 -1606.82 0 14
+0s 297 4330.75 -3244.26 0 14
+0s 298 9718.97 1144.83 0 14
+0s 299 4993.17 5494.27 0 14
+0s 300 3872.99 8635.55 0 14
+0s 301 7651.87 9793.58 0 14
+0s 302 6497.94 -5513.57 0 14
+0s 303 -4642.96 -1939.2 0 14
+0s 304 5228.08 -7972.29 0 14
+0s 305 7828.36 4590.34 0 14
+0s 306 9952.84 1876.51 0 14
+0s 307 7717.12 -1053.11 0 14
+0s 308 1556.55 349.238 0 14
+0s 309 -603.178 6167.08 0 14
+0s 310 -6802.95 -8692.99 0 14
+0s 311 2686.64 -6523 0 14
+0s 312 9521.94 -385.484 0 14
+0s 313 5627.5 -1045.91 0 14
+0s 314 -2933.61 -6245.38 0 14
+0s 315 -8631.05 -3016.65 0 14
+0s 316 -7874.67 -1123.68 0 14
+0s 317 -8381.75 3698.88 0 14
+0s 318 3386.58 2991.66 0 14
+0s 319 -7873.87 -5335.08 0 14
+0s 320 3147.84 2632.88 0 14
+0s 321 -140.099 1350.51 0 14
+0s 322 -3775.01 -733.247 0 14
+0s 323 3781.52 -1323.66 0 14
+0s 324 7664.24 5234.81 0 14
+0s 325 -9164.35 -4495.07 0 14
+0s 326 271.01 995.434 0 14
+0s 327 2284.53 2667.69 0 14
+0s 328 -5781.92 7423.59 0 14
+0s 329 -590.597 -7705.69 0 14
+0s 330 -5491.04 -2852.09 0 14
+0s 331 -7375.25 8473.68 0 14
+0s 332 -3247.96 8117.58 0 14
+0s 333 8599.4 1384.32 0 14
+0s 334 9643.05 -1396.5 0 14
+0s 335 -4750.24 9400.73 0 14
+0s 336 2299.44 -1830.5 0 14
+0s 337 89.5591 -7315.44 0 14
+0s 338 1233.69 -4241.32 0 14
+0s 339 327.284 282.951 0 14
+0s 340 5716.67 -5149.34 0 14
+0s 341 5326.36 -812.226 0 14
+0s 342 -4273.9 7688.82 0 14
+0s 343 8675.59 5293.34 0 14
+0s 344 -3829.74 7514.49 0 14
+0s 345 -8027.18 -2570.33 0 14
+0s 346 7743.81 8411.56 0 14
+0s 347 2306.56 7468.9 0 14
+0s 348 5430.89 2293.63 0 14
+0s 349 5661.55 4792.71 0 14
+0s 350 -4682.58 -5725.36 0 14
+0s 351 4589.25 8234.66 0 14
+0s 352 -893.472 8964.07 0 14
+0s 353 -4396.9 6456.96 0 14
+0s 354 -3977.76 2644.82 0 14
+0s 355 6152.38 -2072.96 0 14
+0s 356 1471.65 5772.74 0 14
+0s 357 6353.78 -7366.65 0 14
+0s 358 -9502.55 -4108.17 0 14
+0s 359 -1933.1 3607.28 0 14
+0s 360 8691.06 -3412.04 0 14
+0s 361 8517.87 9882.04 0 14
+0s 362 -8206.91 -942.289 0 14
+0s 363 7614.45 1793.42 0 14
+0s 364 -1140.93 -1420 0 14
+0s 365 4270.9 5526.18 0 14
+0s 366 -3802.64 -2365.36 0 14
+0s 367 -2777.14 -464.718 0 14
+0s 368 4011.73 -9735.32 0 14
+0s 369 9237.66 -6023.57 0 14
+0s 370 -114.672 9211.1 0 14
+0s 371 7543.36 -2950.8 0 14
+0s 372 4827.07 4030.46 0 14
+0s 373 7481.28 7927.84 0 14
+0s 374 -8052.04 -4977.83 0 14
+0s 375 -734.599 -6061.93 0 14
+0s 376 -4564.67 7807.92 0 14
+0s 377 6858.65 -1138.86 0 14
+0s 378 -652.142 -106.815 0 14
+0s 379 2683.34 7793.34 0 14
+0s 380 -4474.02 -4436.74 0 14
+0s 381 -1508.18 9426.87 0 14
+0s 382 9250.1 -708.251 0 14
+0s 383 6827.2 9525.41 0 14
+0s 384 4894.91 5773.75 0 14
+0s 385 -8463.65 -7225.74 0 14
+0s 386 -4143.05 -1262.92 0 14
+0s 387 -1423.85 -2118.31 0 14
+0s 388 8001.78 -6052.28 0 14
+0s 389 6730.61 -4453.56 0 14
+0s 390 7745.21 2437.69 0 14
+0s 391 5314.33 -569.779 0 14
+0s 392 -8709.71 -2180.14 0 14
+0s 393 955.386 -5707.82 0 14
+0s 394 -6886.89 -7848.18 0 14
+0s 395 6852.51 -7841.63 0 14
+0s 396 -9081.94 -2101.86 0 14
+0s 397 9217.88 3703.76 0 14
+0s 398 3763.53 -7129.6 0 14
+0s 399 -7982.74 -8141.51 0 14
+0s 400 535.675 5782.04 0 14
+0s 401 -5670.27 6865.94 0 14
+0s 402 -7150.4 -1136.26 0 14
+0s 403 -9454.76 6810.99 0 14
+0s 404 -3450.77 -194.574 0 14
+0s 405 -500.047 -3521.47 0 14
+0s 406 -8035.16 -3693.9 0 14
+0s 407 -6023.31 8629.8 0 14
+0s 408 90.5797 1774.97 0 14
+0s 409 -7150.83 -1026 0 14
+0s 410 9481.61 -8799.49 0 14
+0s 411 5194.91 -6936.74 0 14
+0s 412 -1699.11 6359.21 0 14
+0s 413 -2401.54 2290.5 0 14
+0s 414 -6894.91 -4744.06 0 14
+0s 415 -1278.95 927.431 0 14
+0s 416 8521.6 742.958 0 14
+0s 417 1387.81 9284.94 0 14
+0s 418 -2078.74 718.415 0 14
+0s 419 -4617.94 7873.11 0 14
+0s 420 -9258.95 6959.93 0 14
+0s 421 -1378.72 -1306.03 0 14
+0s 422 -6297.44 -6271.09 0 14
+0s 423 1282.91 -9010.06 0 14
+0s 424 5320.32 1788.66 0 14
+0s 425 881.932 2865.92 0 14
+0s 426 2309.43 6535 0 14
+0s 427 7647.95 -9520.73 0 14
+0s 428 9006.75 -7325.65 0 14
+0s 429 7399.16 -106.866 0 14
+0s 430 2455.87 -3014.17 0 14
+0s 431 4719.98 -9163.1 0 14
+0s 432 1565.08 -5496.85 0 14
+0s 433 -9307.37 9124.98 0 14
+0s 434 -7235.37 9643.55 0 14
+0s 435 2922.96 -3111.25 0 14
+0s 436 8120.24 -2199.14 0 14
+1200s 37 5776.01 -3723.43 0 14
+1200s 38 -6929.44 -4978.88 0 14
+1200s 39 -7046.08 -6934.2 0 14
+1200s 40 6356.41 -2459.33 0 14
+1200s 41 5311.03 -7317.56 0 14
+1200s 42 -5830 9360.31 0 14
+1200s 43 -7163.82 5932.44 0 14
+1200s 44 6917.07 1162.03 0 14
+1200s 45 1970.24 -5092.32 0 14
+1200s 46 -652.807 -4667.99 0 14
+1200s 47 -1368.42 -1698.61 0 14
+1200s 48 4657.25 -7452.53 0 14
+1200s 49 3083.42 2843.65 0 14
+1200s 50 5000.59 -6743 0 14
+1200s 51 2490.71 -2117 0 14
+1200s 52 -2304.27 -2794.26 0 14
+1200s 53 -4254.74 -9136.61 0 14
+1200s 54 -8547.34 -5159.25 0 14
+1200s 55 1423.85 9552.13 0 14
+1200s 56 -5715.2 -1759 0 14
+1200s 57 -4359.61 -7592.59 0 14
+1200s 58 3942.81 5097.39 0 14
+1200s 59 9856.63 -6273.47 0 14
+1200s 60 -7934.88 -5422.22 0 14
+1200s 61 1493.58 -3459.75 0 14
+1200s 62 4423.34 -8204.35 0 14
+1200s 63 -8614.6 404.098 0 14
+1200s 64 3357.04 2753.71 0 14
+1200s 65 1576.5 589.58 0 14
+1200s 66 3935.4 4759.45 0 14
+1200s 67 -4274.89 -8191.27 0 14
+1200s 68 268.593 6898.82 0 14
+1200s 69 2159.15 -4129.83 0 14
+1200s 70 -1576.72 9691.01 0 14
+1200s 71 -2670.49 -4782.95 0 14
+1200s 72 1478.89 6818.95 0 14
+1200s 73 221.707 -3783.92 0 14
+1200s 74 -3442.79 2843.55 0 14
+1200s 75 -5106.95 6273.79 0 14
+1200s 76 -8560.12 -4621.3 0 14
+1200s 77 90.5277 9024.06 0 14
+1200s 78 8249.13 272.889 0 14
+1200s 79 8415.03 7391.53 0 14
+1200s 80 -2566.63 3779.84 0 14
+1200s 81 -3360.92 619.238 0 14
+1200s 82 -9874.6 -5636.14 0 14
+1200s 83 1473.31 -6980.73 0 14
+1200s 84 6412.91 6626.17 0 14
+1200s 85 -8121.37 6372.21 0 14
+1200s 86 -3272.22 1628.08 0 14
+1200s 87 -1806.55 4727.91 0 14
+1200s 88 -2758.28 -1748.47 0 14
+1200s 89 6548.16 6508.44 0 14
+1200s 90 4498.81 -7135.85 0 14
+1200s 91 8384.09 -2978.31 0 14
+1200s 92 608.596 -5351.09 0 14
+1200s 93 -975.063 6214.93 0 14
+1200s 94 -5177.73 2123.11 0 14
+1200s 95 -2535.9 -3648.31 0 14
+1200s 96 9369.65 3348.67 0 14
+1200s 97 9015.99 4511.64 0 14
+1200s 98 -3233.7 6591.66 0 14
+1200s 99 5804.48 -2131.28 0 14
+1200s 100 -8891.35 -6976.28 0 14
+1200s 101 -7688.6 -6703.19 0 14
+1200s 102 -2226.03 468.449 0 14
+1200s 103 712.66 -7757.68 0 14
+1200s 104 630.228 1668.2 0 14
+1200s 105 -5322.39 7430 0 14
+1200s 106 -6202.5 7274.89 0 14
+1200s 107 5594.74 2853.45 0 14
+1200s 108 -164.963 -1006.77 0 14
+1200s 109 8127.34 4040.02 0 14
+1200s 110 937.534 666.934 0 14
+1200s 111 -7242.88 5640.92 0 14
+1200s 112 5383.96 -6426.54 0 14
+1200s 113 -8642.24 4963.41 0 14
+1200s 114 -6145.79 9541.79 0 14
+1200s 115 -6432 6123.18 0 14
+1200s 116 9736.01 5728.42 0 14
+1200s 117 -5477.71 -3201.03 0 14
+1200s 118 -3709.37 2132.2 0 14
+1200s 119 -9798.74 1245.25 0 14
+1200s 120 -1629.89 3033.87 0 14
+1200s 121 -6227.16 9819.53 0 14
+1200s 122 -6221.34 -6953 0 14
+1200s 123 1586.98 -5484.02 0 14
+1200s 124 -7838.01 7702.9 0 14
+1200s 125 -9891.76 1695.74 0 14
+1200s 126 -3129.32 4893.48 0 14
+1200s 127 629.084 -577.515 0 14
+1200s 128 -5099.99 -4951.87 0 14
+1200s 129 -9166.4 -8394.07 0 14
+1200s 130 9114.12 -7109.69 0 14
+1200s 131 -7423.08 -2791.51 0 14
+1200s 132 2616.55 -3345.54 0 14
+1200s 133 679.83 6687.48 0 14
+1200s 134 1707.64 -3456.64 0 14
+1200s 135 1473.9 6125.85 0 14
+1200s 136 -5112.69 7894 0 14
+1200s 137 -9878.94 -7455.93 0 14
+1200s 138 -3130.39 -4045.25 0 14
+1200s 139 2492.38 2413.38 0 14
+1200s 140 6187.27 8922.17 0 14
+1200s 141 4560.64 4578.19 0 14
+1200s 142 -141.208 8738.14 0 14
+1200s 143 -2512.85 -3385.89 0 14
+1200s 144 -8542.67 2677.88 0 14
+1200s 145 -220.597 124.839 0 14
+1200s 146 8523.25 -1991.77 0 14
+1200s 147 7951.59 8970.69 0 14
+1200s 148 743.668 8431.15 0 14
+1200s 149 1337.55 9637.62 0 14
+1200s 150 -7621.95 5846.53 0 14
+1200s 151 -391.693 264.498 0 14
+1200s 152 -7811.88 7728.28 0 14
+1200s 153 4493.07 -5810.04 0 14
+1200s 154 -5441.17 2621.85 0 14
+1200s 155 7286.87 5034.11 0 14
+1200s 156 -4025.64 1532.49 0 14
+1200s 157 -8157.98 -8067.44 0 14
+1200s 158 2520.89 -7609.18 0 14
+1200s 159 -9040.74 -9279.93 0 14
+1200s 160 9495.15 -4088.78 0 14
+1200s 161 -7325.26 -2408.55 0 14
+1200s 162 -8324.24 5669.9 0 14
+1200s 163 6766.34 1857.43 0 14
+1200s 164 -1332.16 6879.31 0 14
+1200s 165 4500.37 9368.42 0 14
+1200s 166 -8973.44 9215.94 0 14
+1200s 167 9462.13 4055.34 0 14
+1200s 168 -5345.52 -1451.61 0 14
+1200s 169 -4536.55 -7398.25 0 14
+1200s 170 -2681.16 -8680.54 0 14
+1200s 171 -7596.94 -1049.21 0 14
+1200s 172 -8978.54 -1269.9 0 14
+1200s 173 7724.63 -8392.5 0 14
+1200s 174 -5254.37 -6003.95 0 14
+1200s 175 3212.36 -8674.55 0 14
+1200s 176 -9504.18 3522.8 0 14
+1200s 177 1604.9 5801.5 0 14
+1200s 178 3860.81 -8444.6 0 14
+1200s 179 -7193.85 -9268.68 0 14
+1200s 180 -3139.05 8089.6 0 14
+1200s 181 6336.75 -4714.23 0 14
+1200s 182 8316.66 5105.97 0 14
+1200s 183 6785 -7389.51 0 14
+1200s 184 9396.57 -5648.92 0 14
+1200s 185 -7082.5 5437.48 0 14
+1200s 186 4636.22 7250.3 0 14
+1200s 187 5372.68 -6401.72 0 14
+1200s 188 -2153.68 -8559.11 0 14
+1200s 189 5049.07 3267.16 0 14
+1200s 190 -7015.06 4388.7 0 14
+1200s 191 9607.62 -3572.32 0 14
+1200s 192 -8391.95 8636.12 0 14
+1200s 193 3971.08 -3545.83 0 14
+1200s 194 -3648.44 -9465.4 0 14
+1200s 195 5255.76 -8547 0 14
+1200s 196 4526.43 1736.86 0 14
+1200s 197 9613.5 -10.6149 0 14
+1200s 198 4653.56 -5374.19 0 14
+1200s 199 3033.7 6573.43 0 14
+1200s 200 -7730.63 -1244.2 0 14
+1200s 201 -5183.45 5294.2 0 14
+1200s 202 -7284.32 -4023.87 0 14
+1200s 203 -2597.62 -5352.4 0 14
+1200s 204 -9567.34 377.916 0 14
+1200s 205 6529.42 -4171.72 0 14
+1200s 206 -3048.36 -9278.28 0 14
+1200s 207 9495.53 -3783.9 0 14
+1200s 208 -1371.85 7520.64 0 14
+1200s 209 6580.8 9052.89 0 14
+1200s 210 -2259.89 -7156.19 0 14
+1200s 211 -7097.17 9609.69 0 14
+1200s 212 7357 -1136.32 0 14
+1200s 213 6003.11 2688.74 0 14
+1200s 214 -4023.03 -5095.98 0 14
+1200s 215 -749.396 5933.76 0 14
+1200s 216 -3032.77 -9493.31 0 14
+1200s 217 4812.66 -2380.45 0 14
+1200s 218 -4235.63 -8863.31 0 14
+1200s 219 7402.13 -3434.13 0 14
+1200s 220 2929.61 2261.97 0 14
+1200s 221 -8313.31 551.917 0 14
+1200s 222 1425.33 -5877.29 0 14
+1200s 223 1929.3 -5994.57 0 14
+1200s 224 1669.04 2208.12 0 14
+1200s 225 -2985.18 4295.69 0 14
+1200s 226 4534.59 9671.09 0 14
+1200s 227 -1635.22 -1788.72 0 14
+1200s 228 -8936.31 7419.55 0 14
+1200s 229 -8578.94 4113.49 0 14
+1200s 230 -3188.6 -4482.63 0 14
+1200s 231 -5183.99 -3706.59 0 14
+1200s 232 -8076 1651.19 0 14
+1200s 233 -1015.9 9917.97 0 14
+1200s 234 -9384.34 3103.6 0 14
+1200s 235 3326.89 3678.99 0 14
+1200s 236 3811.11 -7153.8 0 14
+1200s 237 2276.18 5534.53 0 14
+1200s 238 4003.47 8762.59 0 14
+1200s 239 7510.47 -6141.55 0 14
+1200s 240 1481.83 -4945.26 0 14
+1200s 241 -183.251 5738.75 0 14
+1200s 242 7758.8 4115.76 0 14
+1200s 243 9840.16 -3761.96 0 14
+1200s 244 9673.31 -701.293 0 14
+1200s 245 3965.99 965.082 0 14
+1200s 246 5972.21 6556.25 0 14
+1200s 247 2369.96 3330.86 0 14
+1200s 248 -9834.48 760.389 0 14
+1200s 249 -6370.49 4663.41 0 14
+1200s 250 1938.25 4678.8 0 14
+1200s 251 1715.29 -6377 0 14
+1200s 252 1292.23 355.139 0 14
+1200s 253 -7729.81 -2958.45 0 14
+1200s 254 1744.41 3311.63 0 14
+1200s 255 -1628.98 5482.6 0 14
+1200s 256 -564.069 1692.57 0 14
+1200s 257 -1937.15 104.681 0 14
+1200s 258 6460.02 8813.79 0 14
+1200s 259 -4827.84 7504.56 0 14
+1200s 260 -171.492 -2868.39 0 14
+1200s 261 5229.98 6713.81 0 14
+1200s 262 -199.871 -502.766 0 14
+1200s 263 3614.5 -6667.27 0 14
+1200s 264 -7280.17 5387 0 14
+1200s 265 -5363.09 -6840.89 0 14
+1200s 266 -3240.25 8760.2 0 14
+1200s 267 4389.68 7041.86 0 14
+1200s 268 -9803.59 -8425.96 0 14
+1200s 269 -823.137 -9062.4 0 14
+1200s 270 6700.26 8820.97 0 14
+1200s 271 8372.46 -2470.17 0 14
+1200s 272 3215.59 1089.35 0 14
+1200s 273 -5687.52 9574.84 0 14
+1200s 274 9082.39 -8680.79 0 14
+1200s 275 -6593.7 -9164.65 0 14
+1200s 276 -755.596 2496.71 0 14
+1200s 277 2616.84 -7773.38 0 14
+1200s 278 -8781.88 -2026.72 0 14
+1200s 279 -1105.03 6804.67 0 14
+1200s 280 -6374.64 7179.55 0 14
+1200s 281 8997.93 -9311.58 0 14
+1200s 282 -4404.35 566.947 0 14
+1200s 283 -5332.41 710.133 0 14
+1200s 284 -4938.89 -4789.2 0 14
+1200s 285 -9146.13 8480.57 0 14
+1200s 286 7013.94 2417.95 0 14
+1200s 287 1847.04 -4823.84 0 14
+1200s 288 -5199.63 -1978.56 0 14
+1200s 289 6392.62 -9248.51 0 14
+1200s 290 -6580.01 7895.57 0 14
+1200s 291 6598.74 -8267.39 0 14
+1200s 292 4748.72 5757.53 0 14
+1200s 293 1437.48 9450.49 0 14
+1200s 294 -9827.98 -9365.42 0 14
+1200s 295 -57.2011 8137.98 0 14
+1200s 296 -9123.49 -1606.82 0 14
+1200s 297 4330.75 -3244.26 0 14
+1200s 298 9718.97 1144.83 0 14
+1200s 299 4993.17 5494.27 0 14
+1200s 300 3872.99 8635.55 0 14
+1200s 301 7651.87 9793.58 0 14
+1200s 302 6497.94 -5513.57 0 14
+1200s 303 -4642.96 -1939.2 0 14
+1200s 304 5228.08 -7972.29 0 14
+1200s 305 7828.36 4590.34 0 14
+1200s 306 9952.84 1876.51 0 14
+1200s 307 7717.12 -1053.11 0 14
+1200s 308 1556.55 349.238 0 14
+1200s 309 -603.178 6167.08 0 14
+1200s 310 -6802.95 -8692.99 0 14
+1200s 311 2686.64 -6523 0 14
+1200s 312 9521.94 -385.484 0 14
+1200s 313 5627.5 -1045.91 0 14
+1200s 314 -2933.61 -6245.38 0 14
+1200s 315 -8631.05 -3016.65 0 14
+1200s 316 -7874.67 -1123.68 0 14
+1200s 317 -8381.75 3698.88 0 14
+1200s 318 3386.58 2991.66 0 14
+1200s 319 -7873.87 -5335.08 0 14
+1200s 320 3147.84 2632.88 0 14
+1200s 321 -140.099 1350.51 0 14
+1200s 322 -3775.01 -733.247 0 14
+1200s 323 3781.52 -1323.66 0 14
+1200s 324 7664.24 5234.81 0 14
+1200s 325 -9164.35 -4495.07 0 14
+1200s 326 271.01 995.434 0 14
+1200s 327 2284.53 2667.69 0 14
+1200s 328 -5781.92 7423.59 0 14
+1200s 329 -590.597 -7705.69 0 14
+1200s 330 -5491.04 -2852.09 0 14
+1200s 331 -7375.25 8473.68 0 14
+1200s 332 -3247.96 8117.58 0 14
+1200s 333 8599.4 1384.32 0 14
+1200s 334 9643.05 -1396.5 0 14
+1200s 335 -4750.24 9400.73 0 14
+1200s 336 2299.44 -1830.5 0 14
+1200s 337 89.5591 -7315.44 0 14
+1200s 338 1233.69 -4241.32 0 14
+1200s 339 327.284 282.951 0 14
+1200s 340 5716.67 -5149.34 0 14
+1200s 341 5326.36 -812.226 0 14
+1200s 342 -4273.9 7688.82 0 14
+1200s 343 8675.59 5293.34 0 14
+1200s 344 -3829.74 7514.49 0 14
+1200s 345 -8027.18 -2570.33 0 14
+1200s 346 7743.81 8411.56 0 14
+1200s 347 2306.56 7468.9 0 14
+1200s 348 5430.89 2293.63 0 14
+1200s 349 5661.55 4792.71 0 14
+1200s 350 -4682.58 -5725.36 0 14
+1200s 351 4589.25 8234.66 0 14
+1200s 352 -893.472 8964.07 0 14
+1200s 353 -4396.9 6456.96 0 14
+1200s 354 -3977.76 2644.82 0 14
+1200s 355 6152.38 -2072.96 0 14
+1200s 356 1471.65 5772.74 0 14
+1200s 357 6353.78 -7366.65 0 14
+1200s 358 -9502.55 -4108.17 0 14
+1200s 359 -1933.1 3607.28 0 14
+1200s 360 8691.06 -3412.04 0 14
+1200s 361 8517.87 9882.04 0 14
+1200s 362 -8206.91 -942.289 0 14
+1200s 363 7614.45 1793.42 0 14
+1200s 364 -1140.93 -1420 0 14
+1200s 365 4270.9 5526.18 0 14
+1200s 366 -3802.64 -2365.36 0 14
+1200s 367 -2777.14 -464.718 0 14
+1200s 368 4011.73 -9735.32 0 14
+1200s 369 9237.66 -6023.57 0 14
+1200s 370 -114.672 9211.1 0 14
+1200s 371 7543.36 -2950.8 0 14
+1200s 372 4827.07 4030.46 0 14
+1200s 373 7481.28 7927.84 0 14
+1200s 374 -8052.04 -4977.83 0 14
+1200s 375 -734.599 -6061.93 0 14
+1200s 376 -4564.67 7807.92 0 14
+1200s 377 6858.65 -1138.86 0 14
+1200s 378 -652.142 -106.815 0 14
+1200s 379 2683.34 7793.34 0 14
+1200s 380 -4474.02 -4436.74 0 14
+1200s 381 -1508.18 9426.87 0 14
+1200s 382 9250.1 -708.251 0 14
+1200s 383 6827.2 9525.41 0 14
+1200s 384 4894.91 5773.75 0 14
+1200s 385 -8463.65 -7225.74 0 14
+1200s 386 -4143.05 -1262.92 0 14
+1200s 387 -1423.85 -2118.31 0 14
+1200s 388 8001.78 -6052.28 0 14
+1200s 389 6730.61 -4453.56 0 14
+1200s 390 7745.21 2437.69 0 14
+1200s 391 5314.33 -569.779 0 14
+1200s 392 -8709.71 -2180.14 0 14
+1200s 393 955.386 -5707.82 0 14
+1200s 394 -6886.89 -7848.18 0 14
+1200s 395 6852.51 -7841.63 0 14
+1200s 396 -9081.94 -2101.86 0 14
+1200s 397 9217.88 3703.76 0 14
+1200s 398 3763.53 -7129.6 0 14
+1200s 399 -7982.74 -8141.51 0 14
+1200s 400 535.675 5782.04 0 14
+1200s 401 -5670.27 6865.94 0 14
+1200s 402 -7150.4 -1136.26 0 14
+1200s 403 -9454.76 6810.99 0 14
+1200s 404 -3450.77 -194.574 0 14
+1200s 405 -500.047 -3521.47 0 14
+1200s 406 -8035.16 -3693.9 0 14
+1200s 407 -6023.31 8629.8 0 14
+1200s 408 90.5797 1774.97 0 14
+1200s 409 -7150.83 -1026 0 14
+1200s 410 9481.61 -8799.49 0 14
+1200s 411 5194.91 -6936.74 0 14
+1200s 412 -1699.11 6359.21 0 14
+1200s 413 -2401.54 2290.5 0 14
+1200s 414 -6894.91 -4744.06 0 14
+1200s 415 -1278.95 927.431 0 14
+1200s 416 8521.6 742.958 0 14
+1200s 417 1387.81 9284.94 0 14
+1200s 418 -2078.74 718.415 0 14
+1200s 419 -4617.94 7873.11 0 14
+1200s 420 -9258.95 6959.93 0 14
+1200s 421 -1378.72 -1306.03 0 14
+1200s 422 -6297.44 -6271.09 0 14
+1200s 423 1282.91 -9010.06 0 14
+1200s 424 5320.32 1788.66 0 14
+1200s 425 881.932 2865.92 0 14
+1200s 426 2309.43 6535 0 14
+1200s 427 7647.95 -9520.73 0 14
+1200s 428 9006.75 -7325.65 0 14
+1200s 429 7399.16 -106.866 0 14
+1200s 430 2455.87 -3014.17 0 14
+1200s 431 4719.98 -9163.1 0 14
+1200s 432 1565.08 -5496.85 0 14
+1200s 433 -9307.37 9124.98 0 14
+1200s 434 -7235.37 9643.55 0 14
+1200s 435 2922.96 -3111.25 0 14
+1200s 436 8120.24 -2199.14 0 14
+2400s 37 5776.01 -3723.43 0 14
+2400s 38 -6929.44 -4978.88 0 14
+2400s 39 -7046.08 -6934.2 0 14
+2400s 40 6356.41 -2459.33 0 14
+2400s 41 5311.03 -7317.56 0 14
+2400s 42 -5830 9360.31 0 14
+2400s 43 -7163.82 5932.44 0 14
+2400s 44 6917.07 1162.03 0 14
+2400s 45 1970.24 -5092.32 0 14
+2400s 46 -652.807 -4667.99 0 14
+2400s 47 -1368.42 -1698.61 0 14
+2400s 48 4657.25 -7452.53 0 14
+2400s 49 3083.42 2843.65 0 14
+2400s 50 5000.59 -6743 0 14
+2400s 51 2490.71 -2117 0 14
+2400s 52 -2304.27 -2794.26 0 14
+2400s 53 -4254.74 -9136.61 0 14
+2400s 54 -8547.34 -5159.25 0 14
+2400s 55 1423.85 9552.13 0 14
+2400s 56 -5715.2 -1759 0 14
+2400s 57 -4359.61 -7592.59 0 14
+2400s 58 3942.81 5097.39 0 14
+2400s 59 9856.63 -6273.47 0 14
+2400s 60 -7934.88 -5422.22 0 14
+2400s 61 1493.58 -3459.75 0 14
+2400s 62 4423.34 -8204.35 0 14
+2400s 63 -8614.6 404.098 0 14
+2400s 64 3357.04 2753.71 0 14
+2400s 65 1576.5 589.58 0 14
+2400s 66 3935.4 4759.45 0 14
+2400s 67 -4274.89 -8191.27 0 14
+2400s 68 268.593 6898.82 0 14
+2400s 69 2159.15 -4129.83 0 14
+2400s 70 -1576.72 9691.01 0 14
+2400s 71 -2670.49 -4782.95 0 14
+2400s 72 1478.89 6818.95 0 14
+2400s 73 221.707 -3783.92 0 14
+2400s 74 -3442.79 2843.55 0 14
+2400s 75 -5106.95 6273.79 0 14
+2400s 76 -8560.12 -4621.3 0 14
+2400s 77 90.5277 9024.06 0 14
+2400s 78 8249.13 272.889 0 14
+2400s 79 8415.03 7391.53 0 14
+2400s 80 -2566.63 3779.84 0 14
+2400s 81 -3360.92 619.238 0 14
+2400s 82 -9874.6 -5636.14 0 14
+2400s 83 1473.31 -6980.73 0 14
+2400s 84 6412.91 6626.17 0 14
+2400s 85 -8121.37 6372.21 0 14
+2400s 86 -3272.22 1628.08 0 14
+2400s 87 -1806.55 4727.91 0 14
+2400s 88 -2758.28 -1748.47 0 14
+2400s 89 6548.16 6508.44 0 14
+2400s 90 4498.81 -7135.85 0 14
+2400s 91 8384.09 -2978.31 0 14
+2400s 92 608.596 -5351.09 0 14
+2400s 93 -975.063 6214.93 0 14
+2400s 94 -5177.73 2123.11 0 14
+2400s 95 -2535.9 -3648.31 0 14
+2400s 96 9369.65 3348.67 0 14
+2400s 97 9015.99 4511.64 0 14
+2400s 98 -3233.7 6591.66 0 14
+2400s 99 5804.48 -2131.28 0 14
+2400s 100 -8891.35 -6976.28 0 14
+2400s 101 -7688.6 -6703.19 0 14
+2400s 102 -2226.03 468.449 0 14
+2400s 103 712.66 -7757.68 0 14
+2400s 104 630.228 1668.2 0 14
+2400s 105 -5322.39 7430 0 14
+2400s 106 -6202.5 7274.89 0 14
+2400s 107 5594.74 2853.45 0 14
+2400s 108 -164.963 -1006.77 0 14
+2400s 109 8127.34 4040.02 0 14
+2400s 110 937.534 666.934 0 14
+2400s 111 -7242.88 5640.92 0 14
+2400s 112 5383.96 -6426.54 0 14
+2400s 113 -8642.24 4963.41 0 14
+2400s 114 -6145.79 9541.79 0 14
+2400s 115 -6432 6123.18 0 14
+2400s 116 9736.01 5728.42 0 14
+2400s 117 -5477.71 -3201.03 0 14
+2400s 118 -3709.37 2132.2 0 14
+2400s 119 -9798.74 1245.25 0 14
+2400s 120 -1629.89 3033.87 0 14
+2400s 121 -6227.16 9819.53 0 14
+2400s 122 -6221.34 -6953 0 14
+2400s 123 1586.98 -5484.02 0 14
+2400s 124 -7838.01 7702.9 0 14
+2400s 125 -9891.76 1695.74 0 14
+2400s 126 -3129.32 4893.48 0 14
+2400s 127 629.084 -577.515 0 14
+2400s 128 -5099.99 -4951.87 0 14
+2400s 129 -9166.4 -8394.07 0 14
+2400s 130 9114.12 -7109.69 0 14
+2400s 131 -7423.08 -2791.51 0 14
+2400s 132 2616.55 -3345.54 0 14
+2400s 133 679.83 6687.48 0 14
+2400s 134 1707.64 -3456.64 0 14
+2400s 135 1473.9 6125.85 0 14
+2400s 136 -5112.69 7894 0 14
+2400s 137 -9878.94 -7455.93 0 14
+2400s 138 -3130.39 -4045.25 0 14
+2400s 139 2492.38 2413.38 0 14
+2400s 140 6187.27 8922.17 0 14
+2400s 141 4560.64 4578.19 0 14
+2400s 142 -141.208 8738.14 0 14
+2400s 143 -2512.85 -3385.89 0 14
+2400s 144 -8542.67 2677.88 0 14
+2400s 145 -220.597 124.839 0 14
+2400s 146 8523.25 -1991.77 0 14
+2400s 147 7951.59 8970.69 0 14
+2400s 148 743.668 8431.15 0 14
+2400s 149 1337.55 9637.62 0 14
+2400s 150 -7621.95 5846.53 0 14
+2400s 151 -391.693 264.498 0 14
+2400s 152 -7811.88 7728.28 0 14
+2400s 153 4493.07 -5810.04 0 14
+2400s 154 -5441.17 2621.85 0 14
+2400s 155 7286.87 5034.11 0 14
+2400s 156 -4025.64 1532.49 0 14
+2400s 157 -8157.98 -8067.44 0 14
+2400s 158 2520.89 -7609.18 0 14
+2400s 159 -9040.74 -9279.93 0 14
+2400s 160 9495.15 -4088.78 0 14
+2400s 161 -7325.26 -2408.55 0 14
+2400s 162 -8324.24 5669.9 0 14
+2400s 163 6766.34 1857.43 0 14
+2400s 164 -1332.16 6879.31 0 14
+2400s 165 4500.37 9368.42 0 14
+2400s 166 -8973.44 9215.94 0 14
+2400s 167 9462.13 4055.34 0 14
+2400s 168 -5345.52 -1451.61 0 14
+2400s 169 -4536.55 -7398.25 0 14
+2400s 170 -2681.16 -8680.54 0 14
+2400s 171 -7596.94 -1049.21 0 14
+2400s 172 -8978.54 -1269.9 0 14
+2400s 173 7724.63 -8392.5 0 14
+2400s 174 -5254.37 -6003.95 0 14
+2400s 175 3212.36 -8674.55 0 14
+2400s 176 -9504.18 3522.8 0 14
+2400s 177 1604.9 5801.5 0 14
+2400s 178 3860.81 -8444.6 0 14
+2400s 179 -7193.85 -9268.68 0 14
+2400s 180 -3139.05 8089.6 0 14
+2400s 181 6336.75 -4714.23 0 14
+2400s 182 8316.66 5105.97 0 14
+2400s 183 6785 -7389.51 0 14
+2400s 184 9396.57 -5648.92 0 14
+2400s 185 -7082.5 5437.48 0 14
+2400s 186 4636.22 7250.3 0 14
+2400s 187 5372.68 -6401.72 0 14
+2400s 188 -2153.68 -8559.11 0 14
+2400s 189 5049.07 3267.16 0 14
+2400s 190 -7015.06 4388.7 0 14
+2400s 191 9607.62 -3572.32 0 14
+2400s 192 -8391.95 8636.12 0 14
+2400s 193 3971.08 -3545.83 0 14
+2400s 194 -3648.44 -9465.4 0 14
+2400s 195 5255.76 -8547 0 14
+2400s 196 4526.43 1736.86 0 14
+2400s 197 9613.5 -10.6149 0 14
+2400s 198 4653.56 -5374.19 0 14
+2400s 199 3033.7 6573.43 0 14
+2400s 200 -7730.63 -1244.2 0 14
+2400s 201 -5183.45 5294.2 0 14
+2400s 202 -7284.32 -4023.87 0 14
+2400s 203 -2597.62 -5352.4 0 14
+2400s 204 -9567.34 377.916 0 14
+2400s 205 6529.42 -4171.72 0 14
+2400s 206 -3048.36 -9278.28 0 14
+2400s 207 9495.53 -3783.9 0 14
+2400s 208 -1371.85 7520.64 0 14
+2400s 209 6580.8 9052.89 0 14
+2400s 210 -2259.89 -7156.19 0 14
+2400s 211 -7097.17 9609.69 0 14
+2400s 212 7357 -1136.32 0 14
+2400s 213 6003.11 2688.74 0 14
+2400s 214 -4023.03 -5095.98 0 14
+2400s 215 -749.396 5933.76 0 14
+2400s 216 -3032.77 -9493.31 0 14
+2400s 217 4812.66 -2380.45 0 14
+2400s 218 -4235.63 -8863.31 0 14
+2400s 219 7402.13 -3434.13 0 14
+2400s 220 2929.61 2261.97 0 14
+2400s 221 -8313.31 551.917 0 14
+2400s 222 1425.33 -5877.29 0 14
+2400s 223 1929.3 -5994.57 0 14
+2400s 224 1669.04 2208.12 0 14
+2400s 225 -2985.18 4295.69 0 14
+2400s 226 4534.59 9671.09 0 14
+2400s 227 -1635.22 -1788.72 0 14
+2400s 228 -8936.31 7419.55 0 14
+2400s 229 -8578.94 4113.49 0 14
+2400s 230 -3188.6 -4482.63 0 14
+2400s 231 -5183.99 -3706.59 0 14
+2400s 232 -8076 1651.19 0 14
+2400s 233 -1015.9 9917.97 0 14
+2400s 234 -9384.34 3103.6 0 14
+2400s 235 3326.89 3678.99 0 14
+2400s 236 3811.11 -7153.8 0 14
+2400s 237 2276.18 5534.53 0 14
+2400s 238 4003.47 8762.59 0 14
+2400s 239 7510.47 -6141.55 0 14
+2400s 240 1481.83 -4945.26 0 14
+2400s 241 -183.251 5738.75 0 14
+2400s 242 7758.8 4115.76 0 14
+2400s 243 9840.16 -3761.96 0 14
+2400s 244 9673.31 -701.293 0 14
+2400s 245 3965.99 965.082 0 14
+2400s 246 5972.21 6556.25 0 14
+2400s 247 2369.96 3330.86 0 14
+2400s 248 -9834.48 760.389 0 14
+2400s 249 -6370.49 4663.41 0 14
+2400s 250 1938.25 4678.8 0 14
+2400s 251 1715.29 -6377 0 14
+2400s 252 1292.23 355.139 0 14
+2400s 253 -7729.81 -2958.45 0 14
+2400s 254 1744.41 3311.63 0 14
+2400s 255 -1628.98 5482.6 0 14
+2400s 256 -564.069 1692.57 0 14
+2400s 257 -1937.15 104.681 0 14
+2400s 258 6460.02 8813.79 0 14
+2400s 259 -4827.84 7504.56 0 14
+2400s 260 -171.492 -2868.39 0 14
+2400s 261 5229.98 6713.81 0 14
+2400s 262 -199.871 -502.766 0 14
+2400s 263 3614.5 -6667.27 0 14
+2400s 264 -7280.17 5387 0 14
+2400s 265 -5363.09 -6840.89 0 14
+2400s 266 -3240.25 8760.2 0 14
+2400s 267 4389.68 7041.86 0 14
+2400s 268 -9803.59 -8425.96 0 14
+2400s 269 -823.137 -9062.4 0 14
+2400s 270 6700.26 8820.97 0 14
+2400s 271 8372.46 -2470.17 0 14
+2400s 272 3215.59 1089.35 0 14
+2400s 273 -5687.52 9574.84 0 14
+2400s 274 9082.39 -8680.79 0 14
+2400s 275 -6593.7 -9164.65 0 14
+2400s 276 -755.596 2496.71 0 14
+2400s 277 2616.84 -7773.38 0 14
+2400s 278 -8781.88 -2026.72 0 14
+2400s 279 -1105.03 6804.67 0 14
+2400s 280 -6374.64 7179.55 0 14
+2400s 281 8997.93 -9311.58 0 14
+2400s 282 -4404.35 566.947 0 14
+2400s 283 -5332.41 710.133 0 14
+2400s 284 -4938.89 -4789.2 0 14
+2400s 285 -9146.13 8480.57 0 14
+2400s 286 7013.94 2417.95 0 14
+2400s 287 1847.04 -4823.84 0 14
+2400s 288 -5199.63 -1978.56 0 14
+2400s 289 6392.62 -9248.51 0 14
+2400s 290 -6580.01 7895.57 0 14
+2400s 291 6598.74 -8267.39 0 14
+2400s 292 4748.72 5757.53 0 14
+2400s 293 1437.48 9450.49 0 14
+2400s 294 -9827.98 -9365.42 0 14
+2400s 295 -57.2011 8137.98 0 14
+2400s 296 -9123.49 -1606.82 0 14
+2400s 297 4330.75 -3244.26 0 14
+2400s 298 9718.97 1144.83 0 14
+2400s 299 4993.17 5494.27 0 14
+2400s 300 3872.99 8635.55 0 14
+2400s 301 7651.87 9793.58 0 14
+2400s 302 6497.94 -5513.57 0 14
+2400s 303 -4642.96 -1939.2 0 14
+2400s 304 5228.08 -7972.29 0 14
+2400s 305 7828.36 4590.34 0 14
+2400s 306 9952.84 1876.51 0 14
+2400s 307 7717.12 -1053.11 0 14
+2400s 308 1556.55 349.238 0 14
+2400s 309 -603.178 6167.08 0 14
+2400s 310 -6802.95 -8692.99 0 14
+2400s 311 2686.64 -6523 0 14
+2400s 312 9521.94 -385.484 0 14
+2400s 313 5627.5 -1045.91 0 14
+2400s 314 -2933.61 -6245.38 0 14
+2400s 315 -8631.05 -3016.65 0 14
+2400s 316 -7874.67 -1123.68 0 14
+2400s 317 -8381.75 3698.88 0 14
+2400s 318 3386.58 2991.66 0 14
+2400s 319 -7873.87 -5335.08 0 14
+2400s 320 3147.84 2632.88 0 14
+2400s 321 -140.099 1350.51 0 14
+2400s 322 -3775.01 -733.247 0 14
+2400s 323 3781.52 -1323.66 0 14
+2400s 324 7664.24 5234.81 0 14
+2400s 325 -9164.35 -4495.07 0 14
+2400s 326 271.01 995.434 0 14
+2400s 327 2284.53 2667.69 0 14
+2400s 328 -5781.92 7423.59 0 14
+2400s 329 -590.597 -7705.69 0 14
+2400s 330 -5491.04 -2852.09 0 14
+2400s 331 -7375.25 8473.68 0 14
+2400s 332 -3247.96 8117.58 0 14
+2400s 333 8599.4 1384.32 0 14
+2400s 334 9643.05 -1396.5 0 14
+2400s 335 -4750.24 9400.73 0 14
+2400s 336 2299.44 -1830.5 0 14
+2400s 337 89.5591 -7315.44 0 14
+2400s 338 1233.69 -4241.32 0 14
+2400s 339 327.284 282.951 0 14
+2400s 340 5716.67 -5149.34 0 14
+2400s 341 5326.36 -812.226 0 14
+2400s 342 -4273.9 7688.82 0 14
+2400s 343 8675.59 5293.34 0 14
+2400s 344 -3829.74 7514.49 0 14
+2400s 345 -8027.18 -2570.33 0 14
+2400s 346 7743.81 8411.56 0 14
+2400s 347 2306.56 7468.9 0 14
+2400s 348 5430.89 2293.63 0 14
+2400s 349 5661.55 4792.71 0 14
+2400s 350 -4682.58 -5725.36 0 14
+2400s 351 4589.25 8234.66 0 14
+2400s 352 -893.472 8964.07 0 14
+2400s 353 -4396.9 6456.96 0 14
+2400s 354 -3977.76 2644.82 0 14
+2400s 355 6152.38 -2072.96 0 14
+2400s 356 1471.65 5772.74 0 14
+2400s 357 6353.78 -7366.65 0 14
+2400s 358 -9502.55 -4108.17 0 14
+2400s 359 -1933.1 3607.28 0 14
+2400s 360 8691.06 -3412.04 0 14
+2400s 361 8517.87 9882.04 0 14
+2400s 362 -8206.91 -942.289 0 14
+2400s 363 7614.45 1793.42 0 14
+2400s 364 -1140.93 -1420 0 14
+2400s 365 4270.9 5526.18 0 14
+2400s 366 -3802.64 -2365.36 0 14
+2400s 367 -2777.14 -464.718 0 14
+2400s 368 4011.73 -9735.32 0 14
+2400s 369 9237.66 -6023.57 0 14
+2400s 370 -114.672 9211.1 0 14
+2400s 371 7543.36 -2950.8 0 14
+2400s 372 4827.07 4030.46 0 14
+2400s 373 7481.28 7927.84 0 14
+2400s 374 -8052.04 -4977.83 0 14
+2400s 375 -734.599 -6061.93 0 14
+2400s 376 -4564.67 7807.92 0 14
+2400s 377 6858.65 -1138.86 0 14
+2400s 378 -652.142 -106.815 0 14
+2400s 379 2683.34 7793.34 0 14
+2400s 380 -4474.02 -4436.74 0 14
+2400s 381 -1508.18 9426.87 0 14
+2400s 382 9250.1 -708.251 0 14
+2400s 383 6827.2 9525.41 0 14
+2400s 384 4894.91 5773.75 0 14
+2400s 385 -8463.65 -7225.74 0 14
+2400s 386 -4143.05 -1262.92 0 14
+2400s 387 -1423.85 -2118.31 0 14
+2400s 388 8001.78 -6052.28 0 14
+2400s 389 6730.61 -4453.56 0 14
+2400s 390 7745.21 2437.69 0 14
+2400s 391 5314.33 -569.779 0 14
+2400s 392 -8709.71 -2180.14 0 14
+2400s 393 955.386 -5707.82 0 14
+2400s 394 -6886.89 -7848.18 0 14
+2400s 395 6852.51 -7841.63 0 14
+2400s 396 -9081.94 -2101.86 0 14
+2400s 397 9217.88 3703.76 0 14
+2400s 398 3763.53 -7129.6 0 14
+2400s 399 -7982.74 -8141.51 0 14
+2400s 400 535.675 5782.04 0 14
+2400s 401 -5670.27 6865.94 0 14
+2400s 402 -7150.4 -1136.26 0 14
+2400s 403 -9454.76 6810.99 0 14
+2400s 404 -3450.77 -194.574 0 14
+2400s 405 -500.047 -3521.47 0 14
+2400s 406 -8035.16 -3693.9 0 14
+2400s 407 -6023.31 8629.8 0 14
+2400s 408 90.5797 1774.97 0 14
+2400s 409 -7150.83 -1026 0 14
+2400s 410 9481.61 -8799.49 0 14
+2400s 411 5194.91 -6936.74 0 14
+2400s 412 -1699.11 6359.21 0 14
+2400s 413 -2401.54 2290.5 0 14
+2400s 414 -6894.91 -4744.06 0 14
+2400s 415 -1278.95 927.431 0 14
+2400s 416 8521.6 742.958 0 14
+2400s 417 1387.81 9284.94 0 14
+2400s 418 -2078.74 718.415 0 14
+2400s 419 -4617.94 7873.11 0 14
+2400s 420 -9258.95 6959.93 0 14
+2400s 421 -1378.72 -1306.03 0 14
+2400s 422 -6297.44 -6271.09 0 14
+2400s 423 1282.91 -9010.06 0 14
+2400s 424 5320.32 1788.66 0 14
+2400s 425 881.932 2865.92 0 14
+2400s 426 2309.43 6535 0 14
+2400s 427 7647.95 -9520.73 0 14
+2400s 428 9006.75 -7325.65 0 14
+2400s 429 7399.16 -106.866 0 14
+2400s 430 2455.87 -3014.17 0 14
+2400s 431 4719.98 -9163.1 0 14
+2400s 432 1565.08 -5496.85 0 14
+2400s 433 -9307.37 9124.98 0 14
+2400s 434 -7235.37 9643.55 0 14
+2400s 435 2922.96 -3111.25 0 14
+2400s 436 8120.24 -2199.14 0 14
+3600s 37 5776.01 -3723.43 0 14
+3600s 38 -6929.44 -4978.88 0 14
+3600s 39 -7046.08 -6934.2 0 14
+3600s 40 6356.41 -2459.33 0 14
+3600s 41 5311.03 -7317.56 0 14
+3600s 42 -5830 9360.31 0 14
+3600s 43 -7163.82 5932.44 0 14
+3600s 44 6917.07 1162.03 0 14
+3600s 45 1970.24 -5092.32 0 14
+3600s 46 -652.807 -4667.99 0 14
+3600s 47 -1368.42 -1698.61 0 14
+3600s 48 4657.25 -7452.53 0 14
+3600s 49 3083.42 2843.65 0 14
+3600s 50 5000.59 -6743 0 14
+3600s 51 2490.71 -2117 0 14
+3600s 52 -2304.27 -2794.26 0 14
+3600s 53 -4254.74 -9136.61 0 14
+3600s 54 -8547.34 -5159.25 0 14
+3600s 55 1423.85 9552.13 0 14
+3600s 56 -5715.2 -1759 0 14
+3600s 57 -4359.61 -7592.59 0 14
+3600s 58 3942.81 5097.39 0 14
+3600s 59 9856.63 -6273.47 0 14
+3600s 60 -7934.88 -5422.22 0 14
+3600s 61 1493.58 -3459.75 0 14
+3600s 62 4423.34 -8204.35 0 14
+3600s 63 -8614.6 404.098 0 14
+3600s 64 3357.04 2753.71 0 14
+3600s 65 1576.5 589.58 0 14
+3600s 66 3935.4 4759.45 0 14
+3600s 67 -4274.89 -8191.27 0 14
+3600s 68 268.593 6898.82 0 14
+3600s 69 2159.15 -4129.83 0 14
+3600s 70 -1576.72 9691.01 0 14
+3600s 71 -2670.49 -4782.95 0 14
+3600s 72 1478.89 6818.95 0 14
+3600s 73 221.707 -3783.92 0 14
+3600s 74 -3442.79 2843.55 0 14
+3600s 75 -5106.95 6273.79 0 14
+3600s 76 -8560.12 -4621.3 0 14
+3600s 77 90.5277 9024.06 0 14
+3600s 78 8249.13 272.889 0 14
+3600s 79 8415.03 7391.53 0 14
+3600s 80 -2566.63 3779.84 0 14
+3600s 81 -3360.92 619.238 0 14
+3600s 82 -9874.6 -5636.14 0 14
+3600s 83 1473.31 -6980.73 0 14
+3600s 84 6412.91 6626.17 0 14
+3600s 85 -8121.37 6372.21 0 14
+3600s 86 -3272.22 1628.08 0 14
+3600s 87 -1806.55 4727.91 0 14
+3600s 88 -2758.28 -1748.47 0 14
+3600s 89 6548.16 6508.44 0 14
+3600s 90 4498.81 -7135.85 0 14
+3600s 91 8384.09 -2978.31 0 14
+3600s 92 608.596 -5351.09 0 14
+3600s 93 -975.063 6214.93 0 14
+3600s 94 -5177.73 2123.11 0 14
+3600s 95 -2535.9 -3648.31 0 14
+3600s 96 9369.65 3348.67 0 14
+3600s 97 9015.99 4511.64 0 14
+3600s 98 -3233.7 6591.66 0 14
+3600s 99 5804.48 -2131.28 0 14
+3600s 100 -8891.35 -6976.28 0 14
+3600s 101 -7688.6 -6703.19 0 14
+3600s 102 -2226.03 468.449 0 14
+3600s 103 712.66 -7757.68 0 14
+3600s 104 630.228 1668.2 0 14
+3600s 105 -5322.39 7430 0 14
+3600s 106 -6202.5 7274.89 0 14
+3600s 107 5594.74 2853.45 0 14
+3600s 108 -164.963 -1006.77 0 14
+3600s 109 8127.34 4040.02 0 14
+3600s 110 937.534 666.934 0 14
+3600s 111 -7242.88 5640.92 0 14
+3600s 112 5383.96 -6426.54 0 14
+3600s 113 -8642.24 4963.41 0 14
+3600s 114 -6145.79 9541.79 0 14
+3600s 115 -6432 6123.18 0 14
+3600s 116 9736.01 5728.42 0 14
+3600s 117 -5477.71 -3201.03 0 14
+3600s 118 -3709.37 2132.2 0 14
+3600s 119 -9798.74 1245.25 0 14
+3600s 120 -1629.89 3033.87 0 14
+3600s 121 -6227.16 9819.53 0 14
+3600s 122 -6221.34 -6953 0 14
+3600s 123 1586.98 -5484.02 0 14
+3600s 124 -7838.01 7702.9 0 14
+3600s 125 -9891.76 1695.74 0 14
+3600s 126 -3129.32 4893.48 0 14
+3600s 127 629.084 -577.515 0 14
+3600s 128 -5099.99 -4951.87 0 14
+3600s 129 -9166.4 -8394.07 0 14
+3600s 130 9114.12 -7109.69 0 14
+3600s 131 -7423.08 -2791.51 0 14
+3600s 132 2616.55 -3345.54 0 14
+3600s 133 679.83 6687.48 0 14
+3600s 134 1707.64 -3456.64 0 14
+3600s 135 1473.9 6125.85 0 14
+3600s 136 -5112.69 7894 0 14
+3600s 137 -9878.94 -7455.93 0 14
+3600s 138 -3130.39 -4045.25 0 14
+3600s 139 2492.38 2413.38 0 14
+3600s 140 6187.27 8922.17 0 14
+3600s 141 4560.64 4578.19 0 14
+3600s 142 -141.208 8738.14 0 14
+3600s 143 -2512.85 -3385.89 0 14
+3600s 144 -8542.67 2677.88 0 14
+3600s 145 -220.597 124.839 0 14
+3600s 146 8523.25 -1991.77 0 14
+3600s 147 7951.59 8970.69 0 14
+3600s 148 743.668 8431.15 0 14
+3600s 149 1337.55 9637.62 0 14
+3600s 150 -7621.95 5846.53 0 14
+3600s 151 -391.693 264.498 0 14
+3600s 152 -7811.88 7728.28 0 14
+3600s 153 4493.07 -5810.04 0 14
+3600s 154 -5441.17 2621.85 0 14
+3600s 155 7286.87 5034.11 0 14
+3600s 156 -4025.64 1532.49 0 14
+3600s 157 -8157.98 -8067.44 0 14
+3600s 158 2520.89 -7609.18 0 14
+3600s 159 -9040.74 -9279.93 0 14
+3600s 160 9495.15 -4088.78 0 14
+3600s 161 -7325.26 -2408.55 0 14
+3600s 162 -8324.24 5669.9 0 14
+3600s 163 6766.34 1857.43 0 14
+3600s 164 -1332.16 6879.31 0 14
+3600s 165 4500.37 9368.42 0 14
+3600s 166 -8973.44 9215.94 0 14
+3600s 167 9462.13 4055.34 0 14
+3600s 168 -5345.52 -1451.61 0 14
+3600s 169 -4536.55 -7398.25 0 14
+3600s 170 -2681.16 -8680.54 0 14
+3600s 171 -7596.94 -1049.21 0 14
+3600s 172 -8978.54 -1269.9 0 14
+3600s 173 7724.63 -8392.5 0 14
+3600s 174 -5254.37 -6003.95 0 14
+3600s 175 3212.36 -8674.55 0 14
+3600s 176 -9504.18 3522.8 0 14
+3600s 177 1604.9 5801.5 0 14
+3600s 178 3860.81 -8444.6 0 14
+3600s 179 -7193.85 -9268.68 0 14
+3600s 180 -3139.05 8089.6 0 14
+3600s 181 6336.75 -4714.23 0 14
+3600s 182 8316.66 5105.97 0 14
+3600s 183 6785 -7389.51 0 14
+3600s 184 9396.57 -5648.92 0 14
+3600s 185 -7082.5 5437.48 0 14
+3600s 186 4636.22 7250.3 0 14
+3600s 187 5372.68 -6401.72 0 14
+3600s 188 -2153.68 -8559.11 0 14
+3600s 189 5049.07 3267.16 0 14
+3600s 190 -7015.06 4388.7 0 14
+3600s 191 9607.62 -3572.32 0 14
+3600s 192 -8391.95 8636.12 0 14
+3600s 193 3971.08 -3545.83 0 14
+3600s 194 -3648.44 -9465.4 0 14
+3600s 195 5255.76 -8547 0 14
+3600s 196 4526.43 1736.86 0 14
+3600s 197 9613.5 -10.6149 0 14
+3600s 198 4653.56 -5374.19 0 14
+3600s 199 3033.7 6573.43 0 14
+3600s 200 -7730.63 -1244.2 0 14
+3600s 201 -5183.45 5294.2 0 14
+3600s 202 -7284.32 -4023.87 0 14
+3600s 203 -2597.62 -5352.4 0 14
+3600s 204 -9567.34 377.916 0 14
+3600s 205 6529.42 -4171.72 0 14
+3600s 206 -3048.36 -9278.28 0 14
+3600s 207 9495.53 -3783.9 0 14
+3600s 208 -1371.85 7520.64 0 14
+3600s 209 6580.8 9052.89 0 14
+3600s 210 -2259.89 -7156.19 0 14
+3600s 211 -7097.17 9609.69 0 14
+3600s 212 7357 -1136.32 0 14
+3600s 213 6003.11 2688.74 0 14
+3600s 214 -4023.03 -5095.98 0 14
+3600s 215 -749.396 5933.76 0 14
+3600s 216 -3032.77 -9493.31 0 14
+3600s 217 4812.66 -2380.45 0 14
+3600s 218 -4235.63 -8863.31 0 14
+3600s 219 7402.13 -3434.13 0 14
+3600s 220 2929.61 2261.97 0 14
+3600s 221 -8313.31 551.917 0 14
+3600s 222 1425.33 -5877.29 0 14
+3600s 223 1929.3 -5994.57 0 14
+3600s 224 1669.04 2208.12 0 14
+3600s 225 -2985.18 4295.69 0 14
+3600s 226 4534.59 9671.09 0 14
+3600s 227 -1635.22 -1788.72 0 14
+3600s 228 -8936.31 7419.55 0 14
+3600s 229 -8578.94 4113.49 0 14
+3600s 230 -3188.6 -4482.63 0 14
+3600s 231 -5183.99 -3706.59 0 14
+3600s 232 -8076 1651.19 0 14
+3600s 233 -1015.9 9917.97 0 14
+3600s 234 -9384.34 3103.6 0 14
+3600s 235 3326.89 3678.99 0 14
+3600s 236 3811.11 -7153.8 0 14
+3600s 237 2276.18 5534.53 0 14
+3600s 238 4003.47 8762.59 0 14
+3600s 239 7510.47 -6141.55 0 14
+3600s 240 1481.83 -4945.26 0 14
+3600s 241 -183.251 5738.75 0 14
+3600s 242 7758.8 4115.76 0 14
+3600s 243 9840.16 -3761.96 0 14
+3600s 244 9673.31 -701.293 0 14
+3600s 245 3965.99 965.082 0 14
+3600s 246 5972.21 6556.25 0 14
+3600s 247 2369.96 3330.86 0 14
+3600s 248 -9834.48 760.389 0 14
+3600s 249 -6370.49 4663.41 0 14
+3600s 250 1938.25 4678.8 0 14
+3600s 251 1715.29 -6377 0 14
+3600s 252 1292.23 355.139 0 14
+3600s 253 -7729.81 -2958.45 0 14
+3600s 254 1744.41 3311.63 0 14
+3600s 255 -1628.98 5482.6 0 14
+3600s 256 -564.069 1692.57 0 14
+3600s 257 -1937.15 104.681 0 14
+3600s 258 6460.02 8813.79 0 14
+3600s 259 -4827.84 7504.56 0 14
+3600s 260 -171.492 -2868.39 0 14
+3600s 261 5229.98 6713.81 0 14
+3600s 262 -199.871 -502.766 0 14
+3600s 263 3614.5 -6667.27 0 14
+3600s 264 -7280.17 5387 0 14
+3600s 265 -5363.09 -6840.89 0 14
+3600s 266 -3240.25 8760.2 0 14
+3600s 267 4389.68 7041.86 0 14
+3600s 268 -9803.59 -8425.96 0 14
+3600s 269 -823.137 -9062.4 0 14
+3600s 270 6700.26 8820.97 0 14
+3600s 271 8372.46 -2470.17 0 14
+3600s 272 3215.59 1089.35 0 14
+3600s 273 -5687.52 9574.84 0 14
+3600s 274 9082.39 -8680.79 0 14
+3600s 275 -6593.7 -9164.65 0 14
+3600s 276 -755.596 2496.71 0 14
+3600s 277 2616.84 -7773.38 0 14
+3600s 278 -8781.88 -2026.72 0 14
+3600s 279 -1105.03 6804.67 0 14
+3600s 280 -6374.64 7179.55 0 14
+3600s 281 8997.93 -9311.58 0 14
+3600s 282 -4404.35 566.947 0 14
+3600s 283 -5332.41 710.133 0 14
+3600s 284 -4938.89 -4789.2 0 14
+3600s 285 -9146.13 8480.57 0 14
+3600s 286 7013.94 2417.95 0 14
+3600s 287 1847.04 -4823.84 0 14
+3600s 288 -5199.63 -1978.56 0 14
+3600s 289 6392.62 -9248.51 0 14
+3600s 290 -6580.01 7895.57 0 14
+3600s 291 6598.74 -8267.39 0 14
+3600s 292 4748.72 5757.53 0 14
+3600s 293 1437.48 9450.49 0 14
+3600s 294 -9827.98 -9365.42 0 14
+3600s 295 -57.2011 8137.98 0 14
+3600s 296 -9123.49 -1606.82 0 14
+3600s 297 4330.75 -3244.26 0 14
+3600s 298 9718.97 1144.83 0 14
+3600s 299 4993.17 5494.27 0 14
+3600s 300 3872.99 8635.55 0 14
+3600s 301 7651.87 9793.58 0 14
+3600s 302 6497.94 -5513.57 0 14
+3600s 303 -4642.96 -1939.2 0 14
+3600s 304 5228.08 -7972.29 0 14
+3600s 305 7828.36 4590.34 0 14
+3600s 306 9952.84 1876.51 0 14
+3600s 307 7717.12 -1053.11 0 14
+3600s 308 1556.55 349.238 0 14
+3600s 309 -603.178 6167.08 0 14
+3600s 310 -6802.95 -8692.99 0 14
+3600s 311 2686.64 -6523 0 14
+3600s 312 9521.94 -385.484 0 14
+3600s 313 5627.5 -1045.91 0 14
+3600s 314 -2933.61 -6245.38 0 14
+3600s 315 -8631.05 -3016.65 0 14
+3600s 316 -7874.67 -1123.68 0 14
+3600s 317 -8381.75 3698.88 0 14
+3600s 318 3386.58 2991.66 0 14
+3600s 319 -7873.87 -5335.08 0 14
+3600s 320 3147.84 2632.88 0 14
+3600s 321 -140.099 1350.51 0 14
+3600s 322 -3775.01 -733.247 0 14
+3600s 323 3781.52 -1323.66 0 14
+3600s 324 7664.24 5234.81 0 14
+3600s 325 -9164.35 -4495.07 0 14
+3600s 326 271.01 995.434 0 14
+3600s 327 2284.53 2667.69 0 14
+3600s 328 -5781.92 7423.59 0 14
+3600s 329 -590.597 -7705.69 0 14
+3600s 330 -5491.04 -2852.09 0 14
+3600s 331 -7375.25 8473.68 0 14
+3600s 332 -3247.96 8117.58 0 14
+3600s 333 8599.4 1384.32 0 14
+3600s 334 9643.05 -1396.5 0 14
+3600s 335 -4750.24 9400.73 0 14
+3600s 336 2299.44 -1830.5 0 14
+3600s 337 89.5591 -7315.44 0 14
+3600s 338 1233.69 -4241.32 0 14
+3600s 339 327.284 282.951 0 14
+3600s 340 5716.67 -5149.34 0 14
+3600s 341 5326.36 -812.226 0 14
+3600s 342 -4273.9 7688.82 0 14
+3600s 343 8675.59 5293.34 0 14
+3600s 344 -3829.74 7514.49 0 14
+3600s 345 -8027.18 -2570.33 0 14
+3600s 346 7743.81 8411.56 0 14
+3600s 347 2306.56 7468.9 0 14
+3600s 348 5430.89 2293.63 0 14
+3600s 349 5661.55 4792.71 0 14
+3600s 350 -4682.58 -5725.36 0 14
+3600s 351 4589.25 8234.66 0 14
+3600s 352 -893.472 8964.07 0 14
+3600s 353 -4396.9 6456.96 0 14
+3600s 354 -3977.76 2644.82 0 14
+3600s 355 6152.38 -2072.96 0 14
+3600s 356 1471.65 5772.74 0 14
+3600s 357 6353.78 -7366.65 0 14
+3600s 358 -9502.55 -4108.17 0 14
+3600s 359 -1933.1 3607.28 0 14
+3600s 360 8691.06 -3412.04 0 14
+3600s 361 8517.87 9882.04 0 14
+3600s 362 -8206.91 -942.289 0 14
+3600s 363 7614.45 1793.42 0 14
+3600s 364 -1140.93 -1420 0 14
+3600s 365 4270.9 5526.18 0 14
+3600s 366 -3802.64 -2365.36 0 14
+3600s 367 -2777.14 -464.718 0 14
+3600s 368 4011.73 -9735.32 0 14
+3600s 369 9237.66 -6023.57 0 14
+3600s 370 -114.672 9211.1 0 14
+3600s 371 7543.36 -2950.8 0 14
+3600s 372 4827.07 4030.46 0 14
+3600s 373 7481.28 7927.84 0 14
+3600s 374 -8052.04 -4977.83 0 14
+3600s 375 -734.599 -6061.93 0 14
+3600s 376 -4564.67 7807.92 0 14
+3600s 377 6858.65 -1138.86 0 14
+3600s 378 -652.142 -106.815 0 14
+3600s 379 2683.34 7793.34 0 14
+3600s 380 -4474.02 -4436.74 0 14
+3600s 381 -1508.18 9426.87 0 14
+3600s 382 9250.1 -708.251 0 14
+3600s 383 6827.2 9525.41 0 14
+3600s 384 4894.91 5773.75 0 14
+3600s 385 -8463.65 -7225.74 0 14
+3600s 386 -4143.05 -1262.92 0 14
+3600s 387 -1423.85 -2118.31 0 14
+3600s 388 8001.78 -6052.28 0 14
+3600s 389 6730.61 -4453.56 0 14
+3600s 390 7745.21 2437.69 0 14
+3600s 391 5314.33 -569.779 0 14
+3600s 392 -8709.71 -2180.14 0 14
+3600s 393 955.386 -5707.82 0 14
+3600s 394 -6886.89 -7848.18 0 14
+3600s 395 6852.51 -7841.63 0 14
+3600s 396 -9081.94 -2101.86 0 14
+3600s 397 9217.88 3703.76 0 14
+3600s 398 3763.53 -7129.6 0 14
+3600s 399 -7982.74 -8141.51 0 14
+3600s 400 535.675 5782.04 0 14
+3600s 401 -5670.27 6865.94 0 14
+3600s 402 -7150.4 -1136.26 0 14
+3600s 403 -9454.76 6810.99 0 14
+3600s 404 -3450.77 -194.574 0 14
+3600s 405 -500.047 -3521.47 0 14
+3600s 406 -8035.16 -3693.9 0 14
+3600s 407 -6023.31 8629.8 0 14
+3600s 408 90.5797 1774.97 0 14
+3600s 409 -7150.83 -1026 0 14
+3600s 410 9481.61 -8799.49 0 14
+3600s 411 5194.91 -6936.74 0 14
+3600s 412 -1699.11 6359.21 0 14
+3600s 413 -2401.54 2290.5 0 14
+3600s 414 -6894.91 -4744.06 0 14
+3600s 415 -1278.95 927.431 0 14
+3600s 416 8521.6 742.958 0 14
+3600s 417 1387.81 9284.94 0 14
+3600s 418 -2078.74 718.415 0 14
+3600s 419 -4617.94 7873.11 0 14
+3600s 420 -9258.95 6959.93 0 14
+3600s 421 -1378.72 -1306.03 0 14
+3600s 422 -6297.44 -6271.09 0 14
+3600s 423 1282.91 -9010.06 0 14
+3600s 424 5320.32 1788.66 0 14
+3600s 425 881.932 2865.92 0 14
+3600s 426 2309.43 6535 0 14
+3600s 427 7647.95 -9520.73 0 14
+3600s 428 9006.75 -7325.65 0 14
+3600s 429 7399.16 -106.866 0 14
+3600s 430 2455.87 -3014.17 0 14
+3600s 431 4719.98 -9163.1 0 14
+3600s 432 1565.08 -5496.85 0 14
+3600s 433 -9307.37 9124.98 0 14
+3600s 434 -7235.37 9643.55 0 14
+3600s 435 2922.96 -3111.25 0 14
+3600s 436 8120.24 -2199.14 0 14
+4800s 37 5776.01 -3723.43 0 14
+4800s 38 -6929.44 -4978.88 0 14
+4800s 39 -7046.08 -6934.2 1 14
+4800s 40 6356.41 -2459.33 0 14
+4800s 41 5311.03 -7317.56 1 14
+4800s 42 -5830 9360.31 0 14
+4800s 43 -7163.82 5932.44 0 14
+4800s 44 6917.07 1162.03 0 14
+4800s 45 1970.24 -5092.32 0 14
+4800s 46 -652.807 -4667.99 1 14
+4800s 47 -1368.42 -1698.61 1 14
+4800s 48 4657.25 -7452.53 1 14
+4800s 49 3083.42 2843.65 0 14
+4800s 50 5000.59 -6743 0 14
+4800s 51 2490.71 -2117 1 14
+4800s 52 -2304.27 -2794.26 2 14
+4800s 53 -4254.74 -9136.61 1 14
+4800s 54 -8547.34 -5159.25 2 14
+4800s 55 1423.85 9552.13 1 14
+4800s 56 -5715.2 -1759 1 14
+4800s 57 -4359.61 -7592.59 2 14
+4800s 58 3942.81 5097.39 0 14
+4800s 59 9856.63 -6273.47 1 14
+4800s 60 -7934.88 -5422.22 0 14
+4800s 61 1493.58 -3459.75 0 14
+4800s 62 4423.34 -8204.35 0 14
+4800s 63 -8614.6 404.098 1 14
+4800s 64 3357.04 2753.71 0 14
+4800s 65 1576.5 589.58 1 14
+4800s 66 3935.4 4759.45 0 14
+4800s 67 -4274.89 -8191.27 0 14
+4800s 68 268.593 6898.82 1 14
+4800s 69 2159.15 -4129.83 0 14
+4800s 70 -1576.72 9691.01 1 14
+4800s 71 -2670.49 -4782.95 0 14
+4800s 72 1478.89 6818.95 0 14
+4800s 73 221.707 -3783.92 1 14
+4800s 74 -3442.79 2843.55 0 14
+4800s 75 -5106.95 6273.79 0 14
+4800s 76 -8560.12 -4621.3 0 14
+4800s 77 90.5277 9024.06 1 14
+4800s 78 8249.13 272.889 0 14
+4800s 79 8415.03 7391.53 1 14
+4800s 80 -2566.63 3779.84 1 14
+4800s 81 -3360.92 619.238 0 14
+4800s 82 -9874.6 -5636.14 1 14
+4800s 83 1473.31 -6980.73 0 14
+4800s 84 6412.91 6626.17 0 14
+4800s 85 -8121.37 6372.21 0 14
+4800s 86 -3272.22 1628.08 0 14
+4800s 87 -1806.55 4727.91 0 14
+4800s 88 -2758.28 -1748.47 1 14
+4800s 89 6548.16 6508.44 0 14
+4800s 90 4498.81 -7135.85 0 14
+4800s 91 8384.09 -2978.31 0 14
+4800s 92 608.596 -5351.09 1 14
+4800s 93 -975.063 6214.93 0 14
+4800s 94 -5177.73 2123.11 0 14
+4800s 95 -2535.9 -3648.31 0 14
+4800s 96 9369.65 3348.67 1 14
+4800s 97 9015.99 4511.64 0 14
+4800s 98 -3233.7 6591.66 0 14
+4800s 99 5804.48 -2131.28 1 14
+4800s 100 -8891.35 -6976.28 1 14
+4800s 101 -7688.6 -6703.19 1 14
+4800s 102 -2226.03 468.449 1 14
+4800s 103 712.66 -7757.68 0 14
+4800s 104 630.228 1668.2 1 14
+4800s 105 -5322.39 7430 1 14
+4800s 106 -6202.5 7274.89 0 14
+4800s 107 5594.74 2853.45 1 14
+4800s 108 -164.963 -1006.77 0 14
+4800s 109 8127.34 4040.02 0 14
+4800s 110 937.534 666.934 1 14
+4800s 111 -7242.88 5640.92 0 14
+4800s 112 5383.96 -6426.54 0 14
+4800s 113 -8642.24 4963.41 3 14
+4800s 114 -6145.79 9541.79 0 14
+4800s 115 -6432 6123.18 0 14
+4800s 116 9736.01 5728.42 0 14
+4800s 117 -5477.71 -3201.03 0 14
+4800s 118 -3709.37 2132.2 2 14
+4800s 119 -9798.74 1245.25 0 14
+4800s 120 -1629.89 3033.87 0 14
+4800s 121 -6227.16 9819.53 0 14
+4800s 122 -6221.34 -6953 0 14
+4800s 123 1586.98 -5484.02 1 14
+4800s 124 -7838.01 7702.9 0 14
+4800s 125 -9891.76 1695.74 0 14
+4800s 126 -3129.32 4893.48 0 14
+4800s 127 629.084 -577.515 1 14
+4800s 128 -5099.99 -4951.87 0 14
+4800s 129 -9166.4 -8394.07 1 14
+4800s 130 9114.12 -7109.69 0 14
+4800s 131 -7423.08 -2791.51 0 14
+4800s 132 2616.55 -3345.54 0 14
+4800s 133 679.83 6687.48 0 14
+4800s 134 1707.64 -3456.64 1 14
+4800s 135 1473.9 6125.85 0 14
+4800s 136 -5112.69 7894 0 14
+4800s 137 -9878.94 -7455.93 1 14
+4800s 138 -3130.39 -4045.25 1 14
+4800s 139 2492.38 2413.38 0 14
+4800s 140 6187.27 8922.17 1 14
+4800s 141 4560.64 4578.19 0 14
+4800s 142 -141.208 8738.14 1 14
+4800s 143 -2512.85 -3385.89 1 14
+4800s 144 -8542.67 2677.88 0 14
+4800s 145 -220.597 124.839 0 14
+4800s 146 8523.25 -1991.77 2 14
+4800s 147 7951.59 8970.69 1 14
+4800s 148 743.668 8431.15 0 14
+4800s 149 1337.55 9637.62 0 14
+4800s 150 -7621.95 5846.53 0 14
+4800s 151 -391.693 264.498 1 14
+4800s 152 -7811.88 7728.28 0 14
+4800s 153 4493.07 -5810.04 0 14
+4800s 154 -5441.17 2621.85 0 14
+4800s 155 7286.87 5034.11 0 14
+4800s 156 -4025.64 1532.49 0 14
+4800s 157 -8157.98 -8067.44 1 14
+4800s 158 2520.89 -7609.18 1 14
+4800s 159 -9040.74 -9279.93 0 14
+4800s 160 9495.15 -4088.78 0 14
+4800s 161 -7325.26 -2408.55 0 14
+4800s 162 -8324.24 5669.9 1 14
+4800s 163 6766.34 1857.43 0 14
+4800s 164 -1332.16 6879.31 0 14
+4800s 165 4500.37 9368.42 0 14
+4800s 166 -8973.44 9215.94 0 14
+4800s 167 9462.13 4055.34 1 14
+4800s 168 -5345.52 -1451.61 1 14
+4800s 169 -4536.55 -7398.25 0 14
+4800s 170 -2681.16 -8680.54 1 14
+4800s 171 -7596.94 -1049.21 0 14
+4800s 172 -8978.54 -1269.9 0 14
+4800s 173 7724.63 -8392.5 1 14
+4800s 174 -5254.37 -6003.95 0 14
+4800s 175 3212.36 -8674.55 1 14
+4800s 176 -9504.18 3522.8 2 14
+4800s 177 1604.9 5801.5 0 14
+4800s 178 3860.81 -8444.6 1 14
+4800s 179 -7193.85 -9268.68 1 14
+4800s 180 -3139.05 8089.6 1 14
+4800s 181 6336.75 -4714.23 1 14
+4800s 182 8316.66 5105.97 0 14
+4800s 183 6785 -7389.51 0 14
+4800s 184 9396.57 -5648.92 1 14
+4800s 185 -7082.5 5437.48 0 14
+4800s 186 4636.22 7250.3 1 14
+4800s 187 5372.68 -6401.72 1 14
+4800s 188 -2153.68 -8559.11 0 14
+4800s 189 5049.07 3267.16 0 14
+4800s 190 -7015.06 4388.7 0 14
+4800s 191 9607.62 -3572.32 0 14
+4800s 192 -8391.95 8636.12 1 14
+4800s 193 3971.08 -3545.83 0 14
+4800s 194 -3648.44 -9465.4 0 14
+4800s 195 5255.76 -8547 0 14
+4800s 196 4526.43 1736.86 0 14
+4800s 197 9613.5 -10.6149 0 14
+4800s 198 4653.56 -5374.19 1 14
+4800s 199 3033.7 6573.43 0 14
+4800s 200 -7730.63 -1244.2 0 14
+4800s 201 -5183.45 5294.2 0 14
+4800s 202 -7284.32 -4023.87 0 14
+4800s 203 -2597.62 -5352.4 0 14
+4800s 204 -9567.34 377.916 1 14
+4800s 205 6529.42 -4171.72 0 14
+4800s 206 -3048.36 -9278.28 0 14
+4800s 207 9495.53 -3783.9 1 14
+4800s 208 -1371.85 7520.64 1 14
+4800s 209 6580.8 9052.89 1 14
+4800s 210 -2259.89 -7156.19 0 14
+4800s 211 -7097.17 9609.69 1 14
+4800s 212 7357 -1136.32 1 14
+4800s 213 6003.11 2688.74 0 14
+4800s 214 -4023.03 -5095.98 1 14
+4800s 215 -749.396 5933.76 1 14
+4800s 216 -3032.77 -9493.31 0 14
+4800s 217 4812.66 -2380.45 1 14
+4800s 218 -4235.63 -8863.31 1 14
+4800s 219 7402.13 -3434.13 1 14
+4800s 220 2929.61 2261.97 1 14
+4800s 221 -8313.31 551.917 1 14
+4800s 222 1425.33 -5877.29 1 14
+4800s 223 1929.3 -5994.57 0 14
+4800s 224 1669.04 2208.12 0 14
+4800s 225 -2985.18 4295.69 0 14
+4800s 226 4534.59 9671.09 0 14
+4800s 227 -1635.22 -1788.72 1 14
+4800s 228 -8936.31 7419.55 1 14
+4800s 229 -8578.94 4113.49 1 14
+4800s 230 -3188.6 -4482.63 0 14
+4800s 231 -5183.99 -3706.59 0 14
+4800s 232 -8076 1651.19 0 14
+4800s 233 -1015.9 9917.97 1 14
+4800s 234 -9384.34 3103.6 0 14
+4800s 235 3326.89 3678.99 0 14
+4800s 236 3811.11 -7153.8 1 14
+4800s 237 2276.18 5534.53 0 14
+4800s 238 4003.47 8762.59 0 14
+4800s 239 7510.47 -6141.55 0 14
+4800s 240 1481.83 -4945.26 0 14
+4800s 241 -183.251 5738.75 0 14
+4800s 242 7758.8 4115.76 0 14
+4800s 243 9840.16 -3761.96 0 14
+4800s 244 9673.31 -701.293 0 14
+4800s 245 3965.99 965.082 1 14
+4800s 246 5972.21 6556.25 1 14
+4800s 247 2369.96 3330.86 1 14
+4800s 248 -9834.48 760.389 0 14
+4800s 249 -6370.49 4663.41 1 14
+4800s 250 1938.25 4678.8 0 14
+4800s 251 1715.29 -6377 0 14
+4800s 252 1292.23 355.139 1 14
+4800s 253 -7729.81 -2958.45 0 14
+4800s 254 1744.41 3311.63 0 14
+4800s 255 -1628.98 5482.6 0 14
+4800s 256 -564.069 1692.57 0 14
+4800s 257 -1937.15 104.681 1 14
+4800s 258 6460.02 8813.79 0 14
+4800s 259 -4827.84 7504.56 1 14
+4800s 260 -171.492 -2868.39 0 14
+4800s 261 5229.98 6713.81 0 14
+4800s 262 -199.871 -502.766 0 14
+4800s 263 3614.5 -6667.27 1 14
+4800s 264 -7280.17 5387 1 14
+4800s 265 -5363.09 -6840.89 1 14
+4800s 266 -3240.25 8760.2 0 14
+4800s 267 4389.68 7041.86 1 14
+4800s 268 -9803.59 -8425.96 1 14
+4800s 269 -823.137 -9062.4 1 14
+4800s 270 6700.26 8820.97 1 14
+4800s 271 8372.46 -2470.17 0 14
+4800s 272 3215.59 1089.35 1 14
+4800s 273 -5687.52 9574.84 1 14
+4800s 274 9082.39 -8680.79 1 14
+4800s 275 -6593.7 -9164.65 1 14
+4800s 276 -755.596 2496.71 0 14
+4800s 277 2616.84 -7773.38 0 14
+4800s 278 -8781.88 -2026.72 0 14
+4800s 279 -1105.03 6804.67 1 14
+4800s 280 -6374.64 7179.55 1 14
+4800s 281 8997.93 -9311.58 1 14
+4800s 282 -4404.35 566.947 0 14
+4800s 283 -5332.41 710.133 0 14
+4800s 284 -4938.89 -4789.2 0 14
+4800s 285 -9146.13 8480.57 1 14
+4800s 286 7013.94 2417.95 0 14
+4800s 287 1847.04 -4823.84 1 14
+4800s 288 -5199.63 -1978.56 1 14
+4800s 289 6392.62 -9248.51 0 14
+4800s 290 -6580.01 7895.57 1 14
+4800s 291 6598.74 -8267.39 1 14
+4800s 292 4748.72 5757.53 0 14
+4800s 293 1437.48 9450.49 1 14
+4800s 294 -9827.98 -9365.42 2 14
+4800s 295 -57.2011 8137.98 1 14
+4800s 296 -9123.49 -1606.82 0 14
+4800s 297 4330.75 -3244.26 0 14
+4800s 298 9718.97 1144.83 0 14
+4800s 299 4993.17 5494.27 1 14
+4800s 300 3872.99 8635.55 0 14
+4800s 301 7651.87 9793.58 2 14
+4800s 302 6497.94 -5513.57 0 14
+4800s 303 -4642.96 -1939.2 1 14
+4800s 304 5228.08 -7972.29 0 14
+4800s 305 7828.36 4590.34 1 14
+4800s 306 9952.84 1876.51 0 14
+4800s 307 7717.12 -1053.11 0 14
+4800s 308 1556.55 349.238 0 14
+4800s 309 -603.178 6167.08 0 14
+4800s 310 -6802.95 -8692.99 0 14
+4800s 311 2686.64 -6523 1 14
+4800s 312 9521.94 -385.484 2 14
+4800s 313 5627.5 -1045.91 0 14
+4800s 314 -2933.61 -6245.38 0 14
+4800s 315 -8631.05 -3016.65 0 14
+4800s 316 -7874.67 -1123.68 0 14
+4800s 317 -8381.75 3698.88 0 14
+4800s 318 3386.58 2991.66 0 14
+4800s 319 -7873.87 -5335.08 1 14
+4800s 320 3147.84 2632.88 1 14
+4800s 321 -140.099 1350.51 1 14
+4800s 322 -3775.01 -733.247 0 14
+4800s 323 3781.52 -1323.66 1 14
+4800s 324 7664.24 5234.81 1 14
+4800s 325 -9164.35 -4495.07 1 14
+4800s 326 271.01 995.434 1 14
+4800s 327 2284.53 2667.69 0 14
+4800s 328 -5781.92 7423.59 0 14
+4800s 329 -590.597 -7705.69 1 14
+4800s 330 -5491.04 -2852.09 1 14
+4800s 331 -7375.25 8473.68 0 14
+4800s 332 -3247.96 8117.58 0 14
+4800s 333 8599.4 1384.32 0 14
+4800s 334 9643.05 -1396.5 0 14
+4800s 335 -4750.24 9400.73 0 14
+4800s 336 2299.44 -1830.5 1 14
+4800s 337 89.5591 -7315.44 1 14
+4800s 338 1233.69 -4241.32 1 14
+4800s 339 327.284 282.951 1 14
+4800s 340 5716.67 -5149.34 0 14
+4800s 341 5326.36 -812.226 1 14
+4800s 342 -4273.9 7688.82 1 14
+4800s 343 8675.59 5293.34 0 14
+4800s 344 -3829.74 7514.49 1 14
+4800s 345 -8027.18 -2570.33 0 14
+4800s 346 7743.81 8411.56 0 14
+4800s 347 2306.56 7468.9 0 14
+4800s 348 5430.89 2293.63 1 14
+4800s 349 5661.55 4792.71 0 14
+4800s 350 -4682.58 -5725.36 1 14
+4800s 351 4589.25 8234.66 1 14
+4800s 352 -893.472 8964.07 1 14
+4800s 353 -4396.9 6456.96 0 14
+4800s 354 -3977.76 2644.82 1 14
+4800s 355 6152.38 -2072.96 1 14
+4800s 356 1471.65 5772.74 0 14
+4800s 357 6353.78 -7366.65 0 14
+4800s 358 -9502.55 -4108.17 1 14
+4800s 359 -1933.1 3607.28 0 14
+4800s 360 8691.06 -3412.04 1 14
+4800s 361 8517.87 9882.04 2 14
+4800s 362 -8206.91 -942.289 0 14
+4800s 363 7614.45 1793.42 1 14
+4800s 364 -1140.93 -1420 0 14
+4800s 365 4270.9 5526.18 0 14
+4800s 366 -3802.64 -2365.36 0 14
+4800s 367 -2777.14 -464.718 0 14
+4800s 368 4011.73 -9735.32 1 14
+4800s 369 9237.66 -6023.57 2 14
+4800s 370 -114.672 9211.1 1 14
+4800s 371 7543.36 -2950.8 0 14
+4800s 372 4827.07 4030.46 0 14
+4800s 373 7481.28 7927.84 0 14
+4800s 374 -8052.04 -4977.83 1 14
+4800s 375 -734.599 -6061.93 1 14
+4800s 376 -4564.67 7807.92 2 14
+4800s 377 6858.65 -1138.86 0 14
+4800s 378 -652.142 -106.815 1 14
+4800s 379 2683.34 7793.34 0 14
+4800s 380 -4474.02 -4436.74 0 14
+4800s 381 -1508.18 9426.87 0 14
+4800s 382 9250.1 -708.251 0 14
+4800s 383 6827.2 9525.41 0 14
+4800s 384 4894.91 5773.75 1 14
+4800s 385 -8463.65 -7225.74 0 14
+4800s 386 -4143.05 -1262.92 1 14
+4800s 387 -1423.85 -2118.31 0 14
+4800s 388 8001.78 -6052.28 2 14
+4800s 389 6730.61 -4453.56 0 14
+4800s 390 7745.21 2437.69 1 14
+4800s 391 5314.33 -569.779 0 14
+4800s 392 -8709.71 -2180.14 0 14
+4800s 393 955.386 -5707.82 0 14
+4800s 394 -6886.89 -7848.18 0 14
+4800s 395 6852.51 -7841.63 0 14
+4800s 396 -9081.94 -2101.86 1 14
+4800s 397 9217.88 3703.76 2 14
+4800s 398 3763.53 -7129.6 1 14
+4800s 399 -7982.74 -8141.51 0 14
+4800s 400 535.675 5782.04 1 14
+4800s 401 -5670.27 6865.94 0 14
+4800s 402 -7150.4 -1136.26 0 14
+4800s 403 -9454.76 6810.99 1 14
+4800s 404 -3450.77 -194.574 1 14
+4800s 405 -500.047 -3521.47 0 14
+4800s 406 -8035.16 -3693.9 1 14
+4800s 407 -6023.31 8629.8 0 14
+4800s 408 90.5797 1774.97 1 14
+4800s 409 -7150.83 -1026 0 14
+4800s 410 9481.61 -8799.49 3 14
+4800s 411 5194.91 -6936.74 1 14
+4800s 412 -1699.11 6359.21 0 14
+4800s 413 -2401.54 2290.5 0 14
+4800s 414 -6894.91 -4744.06 0 14
+4800s 415 -1278.95 927.431 1 14
+4800s 416 8521.6 742.958 1 14
+4800s 417 1387.81 9284.94 0 14
+4800s 418 -2078.74 718.415 0 14
+4800s 419 -4617.94 7873.11 1 14
+4800s 420 -9258.95 6959.93 0 14
+4800s 421 -1378.72 -1306.03 0 14
+4800s 422 -6297.44 -6271.09 0 14
+4800s 423 1282.91 -9010.06 0 14
+4800s 424 5320.32 1788.66 0 14
+4800s 425 881.932 2865.92 0 14
+4800s 426 2309.43 6535 0 14
+4800s 427 7647.95 -9520.73 1 14
+4800s 428 9006.75 -7325.65 1 14
+4800s 429 7399.16 -106.866 0 14
+4800s 430 2455.87 -3014.17 0 14
+4800s 431 4719.98 -9163.1 0 14
+4800s 432 1565.08 -5496.85 0 14
+4800s 433 -9307.37 9124.98 1 14
+4800s 434 -7235.37 9643.55 1 14
+4800s 435 2922.96 -3111.25 1 14
+4800s 436 8120.24 -2199.14 1 14
+6000s 37 5776.01 -3723.43 1 14
+6000s 38 -6929.44 -4978.88 0 14
+6000s 39 -7046.08 -6934.2 1 14
+6000s 40 6356.41 -2459.33 0 14
+6000s 41 5311.03 -7317.56 1 14
+6000s 42 -5830 9360.31 0 14
+6000s 43 -7163.82 5932.44 0 14
+6000s 44 6917.07 1162.03 0 14
+6000s 45 1970.24 -5092.32 1 14
+6000s 46 -652.807 -4667.99 1 14
+6000s 47 -1368.42 -1698.61 1 14
+6000s 48 4657.25 -7452.53 1 14
+6000s 49 3083.42 2843.65 1 14
+6000s 50 5000.59 -6743 1 14
+6000s 51 2490.71 -2117 1 14
+6000s 52 -2304.27 -2794.26 3 14
+6000s 53 -4254.74 -9136.61 2 14
+6000s 54 -8547.34 -5159.25 5 14
+6000s 55 1423.85 9552.13 1 14
+6000s 56 -5715.2 -1759 1 14
+6000s 57 -4359.61 -7592.59 2 14
+6000s 58 3942.81 5097.39 0 14
+6000s 59 9856.63 -6273.47 1 14
+6000s 60 -7934.88 -5422.22 0 14
+6000s 61 1493.58 -3459.75 0 14
+6000s 62 4423.34 -8204.35 0 14
+6000s 63 -8614.6 404.098 2 14
+6000s 64 3357.04 2753.71 1 14
+6000s 65 1576.5 589.58 1 14
+6000s 66 3935.4 4759.45 0 14
+6000s 67 -4274.89 -8191.27 1 14
+6000s 68 268.593 6898.82 1 14
+6000s 69 2159.15 -4129.83 2 14
+6000s 70 -1576.72 9691.01 1 14
+6000s 71 -2670.49 -4782.95 0 14
+6000s 72 1478.89 6818.95 0 14
+6000s 73 221.707 -3783.92 1 14
+6000s 74 -3442.79 2843.55 1 14
+6000s 75 -5106.95 6273.79 0 14
+6000s 76 -8560.12 -4621.3 2 14
+6000s 77 90.5277 9024.06 1 14
+6000s 78 8249.13 272.889 4 14
+6000s 79 8415.03 7391.53 1 14
+6000s 80 -2566.63 3779.84 1 14
+6000s 81 -3360.92 619.238 0 14
+6000s 82 -9874.6 -5636.14 1 14
+6000s 83 1473.31 -6980.73 1 14
+6000s 84 6412.91 6626.17 1 14
+6000s 85 -8121.37 6372.21 1 14
+6000s 86 -3272.22 1628.08 0 14
+6000s 87 -1806.55 4727.91 0 14
+6000s 88 -2758.28 -1748.47 1 14
+6000s 89 6548.16 6508.44 0 14
+6000s 90 4498.81 -7135.85 2 14
+6000s 91 8384.09 -2978.31 0 14
+6000s 92 608.596 -5351.09 1 14
+6000s 93 -975.063 6214.93 1 14
+6000s 94 -5177.73 2123.11 0 14
+6000s 95 -2535.9 -3648.31 0 14
+6000s 96 9369.65 3348.67 1 14
+6000s 97 9015.99 4511.64 0 14
+6000s 98 -3233.7 6591.66 1 14
+6000s 99 5804.48 -2131.28 1 14
+6000s 100 -8891.35 -6976.28 1 14
+6000s 101 -7688.6 -6703.19 1 14
+6000s 102 -2226.03 468.449 1 14
+6000s 103 712.66 -7757.68 0 14
+6000s 104 630.228 1668.2 1 14
+6000s 105 -5322.39 7430 1 14
+6000s 106 -6202.5 7274.89 0 14
+6000s 107 5594.74 2853.45 1 14
+6000s 108 -164.963 -1006.77 0 14
+6000s 109 8127.34 4040.02 1 14
+6000s 110 937.534 666.934 1 14
+6000s 111 -7242.88 5640.92 0 14
+6000s 112 5383.96 -6426.54 1 14
+6000s 113 -8642.24 4963.41 4 14
+6000s 114 -6145.79 9541.79 0 14
+6000s 115 -6432 6123.18 0 14
+6000s 116 9736.01 5728.42 1 14
+6000s 117 -5477.71 -3201.03 1 14
+6000s 118 -3709.37 2132.2 3 14
+6000s 119 -9798.74 1245.25 1 14
+6000s 120 -1629.89 3033.87 0 14
+6000s 121 -6227.16 9819.53 1 14
+6000s 122 -6221.34 -6953 0 14
+6000s 123 1586.98 -5484.02 1 14
+6000s 124 -7838.01 7702.9 0 14
+6000s 125 -9891.76 1695.74 0 14
+6000s 126 -3129.32 4893.48 0 14
+6000s 127 629.084 -577.515 2 14
+6000s 128 -5099.99 -4951.87 1 14
+6000s 129 -9166.4 -8394.07 1 14
+6000s 130 9114.12 -7109.69 1 14
+6000s 131 -7423.08 -2791.51 0 14
+6000s 132 2616.55 -3345.54 0 14
+6000s 133 679.83 6687.48 0 14
+6000s 134 1707.64 -3456.64 1 14
+6000s 135 1473.9 6125.85 0 14
+6000s 136 -5112.69 7894 1 14
+6000s 137 -9878.94 -7455.93 1 14
+6000s 138 -3130.39 -4045.25 1 14
+6000s 139 2492.38 2413.38 0 14
+6000s 140 6187.27 8922.17 1 14
+6000s 141 4560.64 4578.19 1 14
+6000s 142 -141.208 8738.14 1 14
+6000s 143 -2512.85 -3385.89 1 14
+6000s 144 -8542.67 2677.88 0 14
+6000s 145 -220.597 124.839 1 14
+6000s 146 8523.25 -1991.77 2 14
+6000s 147 7951.59 8970.69 1 14
+6000s 148 743.668 8431.15 0 14
+6000s 149 1337.55 9637.62 1 14
+6000s 150 -7621.95 5846.53 0 14
+6000s 151 -391.693 264.498 1 14
+6000s 152 -7811.88 7728.28 0 14
+6000s 153 4493.07 -5810.04 0 14
+6000s 154 -5441.17 2621.85 0 14
+6000s 155 7286.87 5034.11 1 14
+6000s 156 -4025.64 1532.49 0 14
+6000s 157 -8157.98 -8067.44 1 14
+6000s 158 2520.89 -7609.18 1 14
+6000s 159 -9040.74 -9279.93 1 14
+6000s 160 9495.15 -4088.78 1 14
+6000s 161 -7325.26 -2408.55 0 14
+6000s 162 -8324.24 5669.9 2 14
+6000s 163 6766.34 1857.43 1 14
+6000s 164 -1332.16 6879.31 0 14
+6000s 165 4500.37 9368.42 0 14
+6000s 166 -8973.44 9215.94 2 14
+6000s 167 9462.13 4055.34 1 14
+6000s 168 -5345.52 -1451.61 1 14
+6000s 169 -4536.55 -7398.25 2 14
+6000s 170 -2681.16 -8680.54 1 14
+6000s 171 -7596.94 -1049.21 0 14
+6000s 172 -8978.54 -1269.9 0 14
+6000s 173 7724.63 -8392.5 1 14
+6000s 174 -5254.37 -6003.95 0 14
+6000s 175 3212.36 -8674.55 1 14
+6000s 176 -9504.18 3522.8 2 14
+6000s 177 1604.9 5801.5 1 14
+6000s 178 3860.81 -8444.6 1 14
+6000s 179 -7193.85 -9268.68 1 14
+6000s 180 -3139.05 8089.6 1 14
+6000s 181 6336.75 -4714.23 1 14
+6000s 182 8316.66 5105.97 1 14
+6000s 183 6785 -7389.51 2 14
+6000s 184 9396.57 -5648.92 1 14
+6000s 185 -7082.5 5437.48 1 14
+6000s 186 4636.22 7250.3 1 14
+6000s 187 5372.68 -6401.72 1 14
+6000s 188 -2153.68 -8559.11 0 14
+6000s 189 5049.07 3267.16 0 14
+6000s 190 -7015.06 4388.7 0 14
+6000s 191 9607.62 -3572.32 0 14
+6000s 192 -8391.95 8636.12 1 14
+6000s 193 3971.08 -3545.83 0 14
+6000s 194 -3648.44 -9465.4 1 14
+6000s 195 5255.76 -8547 1 14
+6000s 196 4526.43 1736.86 1 14
+6000s 197 9613.5 -10.6149 1 14
+6000s 198 4653.56 -5374.19 2 14
+6000s 199 3033.7 6573.43 0 14
+6000s 200 -7730.63 -1244.2 0 14
+6000s 201 -5183.45 5294.2 0 14
+6000s 202 -7284.32 -4023.87 0 14
+6000s 203 -2597.62 -5352.4 0 14
+6000s 204 -9567.34 377.916 1 14
+6000s 205 6529.42 -4171.72 1 14
+6000s 206 -3048.36 -9278.28 1 14
+6000s 207 9495.53 -3783.9 1 14
+6000s 208 -1371.85 7520.64 1 14
+6000s 209 6580.8 9052.89 1 14
+6000s 210 -2259.89 -7156.19 0 14
+6000s 211 -7097.17 9609.69 1 14
+6000s 212 7357 -1136.32 1 14
+6000s 213 6003.11 2688.74 0 14
+6000s 214 -4023.03 -5095.98 1 14
+6000s 215 -749.396 5933.76 1 14
+6000s 216 -3032.77 -9493.31 0 14
+6000s 217 4812.66 -2380.45 1 14
+6000s 218 -4235.63 -8863.31 1 14
+6000s 219 7402.13 -3434.13 1 14
+6000s 220 2929.61 2261.97 1 14
+6000s 221 -8313.31 551.917 1 14
+6000s 222 1425.33 -5877.29 1 14
+6000s 223 1929.3 -5994.57 0 14
+6000s 224 1669.04 2208.12 0 14
+6000s 225 -2985.18 4295.69 0 14
+6000s 226 4534.59 9671.09 1 14
+6000s 227 -1635.22 -1788.72 1 14
+6000s 228 -8936.31 7419.55 1 14
+6000s 229 -8578.94 4113.49 1 14
+6000s 230 -3188.6 -4482.63 0 14
+6000s 231 -5183.99 -3706.59 0 14
+6000s 232 -8076 1651.19 0 14
+6000s 233 -1015.9 9917.97 1 14
+6000s 234 -9384.34 3103.6 0 14
+6000s 235 3326.89 3678.99 0 14
+6000s 236 3811.11 -7153.8 1 14
+6000s 237 2276.18 5534.53 0 14
+6000s 238 4003.47 8762.59 0 14
+6000s 239 7510.47 -6141.55 0 14
+6000s 240 1481.83 -4945.26 1 14
+6000s 241 -183.251 5738.75 0 14
+6000s 242 7758.8 4115.76 1 14
+6000s 243 9840.16 -3761.96 0 14
+6000s 244 9673.31 -701.293 0 14
+6000s 245 3965.99 965.082 1 14
+6000s 246 5972.21 6556.25 1 14
+6000s 247 2369.96 3330.86 2 14
+6000s 248 -9834.48 760.389 0 14
+6000s 249 -6370.49 4663.41 1 14
+6000s 250 1938.25 4678.8 0 14
+6000s 251 1715.29 -6377 0 14
+6000s 252 1292.23 355.139 1 14
+6000s 253 -7729.81 -2958.45 0 14
+6000s 254 1744.41 3311.63 0 14
+6000s 255 -1628.98 5482.6 0 14
+6000s 256 -564.069 1692.57 0 14
+6000s 257 -1937.15 104.681 1 14
+6000s 258 6460.02 8813.79 0 14
+6000s 259 -4827.84 7504.56 1 14
+6000s 260 -171.492 -2868.39 0 14
+6000s 261 5229.98 6713.81 0 14
+6000s 262 -199.871 -502.766 0 14
+6000s 263 3614.5 -6667.27 1 14
+6000s 264 -7280.17 5387 1 14
+6000s 265 -5363.09 -6840.89 1 14
+6000s 266 -3240.25 8760.2 1 14
+6000s 267 4389.68 7041.86 1 14
+6000s 268 -9803.59 -8425.96 1 14
+6000s 269 -823.137 -9062.4 1 14
+6000s 270 6700.26 8820.97 1 14
+6000s 271 8372.46 -2470.17 1 14
+6000s 272 3215.59 1089.35 1 14
+6000s 273 -5687.52 9574.84 1 14
+6000s 274 9082.39 -8680.79 1 14
+6000s 275 -6593.7 -9164.65 1 14
+6000s 276 -755.596 2496.71 0 14
+6000s 277 2616.84 -7773.38 0 14
+6000s 278 -8781.88 -2026.72 1 14
+6000s 279 -1105.03 6804.67 1 14
+6000s 280 -6374.64 7179.55 1 14
+6000s 281 8997.93 -9311.58 1 14
+6000s 282 -4404.35 566.947 1 14
+6000s 283 -5332.41 710.133 1 14
+6000s 284 -4938.89 -4789.2 0 14
+6000s 285 -9146.13 8480.57 2 14
+6000s 286 7013.94 2417.95 0 14
+6000s 287 1847.04 -4823.84 1 14
+6000s 288 -5199.63 -1978.56 1 14
+6000s 289 6392.62 -9248.51 0 14
+6000s 290 -6580.01 7895.57 1 14
+6000s 291 6598.74 -8267.39 1 14
+6000s 292 4748.72 5757.53 0 14
+6000s 293 1437.48 9450.49 1 14
+6000s 294 -9827.98 -9365.42 2 14
+6000s 295 -57.2011 8137.98 1 14
+6000s 296 -9123.49 -1606.82 0 14
+6000s 297 4330.75 -3244.26 1 14
+6000s 298 9718.97 1144.83 0 14
+6000s 299 4993.17 5494.27 1 14
+6000s 300 3872.99 8635.55 0 14
+6000s 301 7651.87 9793.58 2 14
+6000s 302 6497.94 -5513.57 0 14
+6000s 303 -4642.96 -1939.2 1 14
+6000s 304 5228.08 -7972.29 0 14
+6000s 305 7828.36 4590.34 1 14
+6000s 306 9952.84 1876.51 0 14
+6000s 307 7717.12 -1053.11 0 14
+6000s 308 1556.55 349.238 0 14
+6000s 309 -603.178 6167.08 0 14
+6000s 310 -6802.95 -8692.99 0 14
+6000s 311 2686.64 -6523 2 14
+6000s 312 9521.94 -385.484 4 14
+6000s 313 5627.5 -1045.91 0 14
+6000s 314 -2933.61 -6245.38 1 14
+6000s 315 -8631.05 -3016.65 0 14
+6000s 316 -7874.67 -1123.68 1 14
+6000s 317 -8381.75 3698.88 1 14
+6000s 318 3386.58 2991.66 0 14
+6000s 319 -7873.87 -5335.08 1 14
+6000s 320 3147.84 2632.88 1 14
+6000s 321 -140.099 1350.51 1 14
+6000s 322 -3775.01 -733.247 0 14
+6000s 323 3781.52 -1323.66 1 14
+6000s 324 7664.24 5234.81 1 14
+6000s 325 -9164.35 -4495.07 1 14
+6000s 326 271.01 995.434 1 14
+6000s 327 2284.53 2667.69 0 14
+6000s 328 -5781.92 7423.59 0 14
+6000s 329 -590.597 -7705.69 1 14
+6000s 330 -5491.04 -2852.09 1 14
+6000s 331 -7375.25 8473.68 0 14
+6000s 332 -3247.96 8117.58 1 14
+6000s 333 8599.4 1384.32 1 14
+6000s 334 9643.05 -1396.5 0 14
+6000s 335 -4750.24 9400.73 1 14
+6000s 336 2299.44 -1830.5 1 14
+6000s 337 89.5591 -7315.44 1 14
+6000s 338 1233.69 -4241.32 1 14
+6000s 339 327.284 282.951 2 14
+6000s 340 5716.67 -5149.34 0 14
+6000s 341 5326.36 -812.226 1 14
+6000s 342 -4273.9 7688.82 2 14
+6000s 343 8675.59 5293.34 1 14
+6000s 344 -3829.74 7514.49 1 14
+6000s 345 -8027.18 -2570.33 0 14
+6000s 346 7743.81 8411.56 0 14
+6000s 347 2306.56 7468.9 0 14
+6000s 348 5430.89 2293.63 1 14
+6000s 349 5661.55 4792.71 0 14
+6000s 350 -4682.58 -5725.36 1 14
+6000s 351 4589.25 8234.66 1 14
+6000s 352 -893.472 8964.07 1 14
+6000s 353 -4396.9 6456.96 1 14
+6000s 354 -3977.76 2644.82 1 14
+6000s 355 6152.38 -2072.96 2 14
+6000s 356 1471.65 5772.74 0 14
+6000s 357 6353.78 -7366.65 0 14
+6000s 358 -9502.55 -4108.17 1 14
+6000s 359 -1933.1 3607.28 0 14
+6000s 360 8691.06 -3412.04 1 14
+6000s 361 8517.87 9882.04 3 14
+6000s 362 -8206.91 -942.289 1 14
+6000s 363 7614.45 1793.42 1 14
+6000s 364 -1140.93 -1420 1 14
+6000s 365 4270.9 5526.18 0 14
+6000s 366 -3802.64 -2365.36 1 14
+6000s 367 -2777.14 -464.718 0 14
+6000s 368 4011.73 -9735.32 1 14
+6000s 369 9237.66 -6023.57 3 14
+6000s 370 -114.672 9211.1 1 14
+6000s 371 7543.36 -2950.8 0 14
+6000s 372 4827.07 4030.46 0 14
+6000s 373 7481.28 7927.84 0 14
+6000s 374 -8052.04 -4977.83 1 14
+6000s 375 -734.599 -6061.93 1 14
+6000s 376 -4564.67 7807.92 2 14
+6000s 377 6858.65 -1138.86 0 14
+6000s 378 -652.142 -106.815 1 14
+6000s 379 2683.34 7793.34 1 14
+6000s 380 -4474.02 -4436.74 0 14
+6000s 381 -1508.18 9426.87 1 14
+6000s 382 9250.1 -708.251 1 14
+6000s 383 6827.2 9525.41 1 14
+6000s 384 4894.91 5773.75 1 14
+6000s 385 -8463.65 -7225.74 0 14
+6000s 386 -4143.05 -1262.92 1 14
+6000s 387 -1423.85 -2118.31 0 14
+6000s 388 8001.78 -6052.28 2 14
+6000s 389 6730.61 -4453.56 0 14
+6000s 390 7745.21 2437.69 1 14
+6000s 391 5314.33 -569.779 0 14
+6000s 392 -8709.71 -2180.14 0 14
+6000s 393 955.386 -5707.82 1 14
+6000s 394 -6886.89 -7848.18 1 14
+6000s 395 6852.51 -7841.63 0 14
+6000s 396 -9081.94 -2101.86 1 14
+6000s 397 9217.88 3703.76 2 14
+6000s 398 3763.53 -7129.6 1 14
+6000s 399 -7982.74 -8141.51 0 14
+6000s 400 535.675 5782.04 1 14
+6000s 401 -5670.27 6865.94 0 14
+6000s 402 -7150.4 -1136.26 0 14
+6000s 403 -9454.76 6810.99 1 14
+6000s 404 -3450.77 -194.574 2 14
+6000s 405 -500.047 -3521.47 0 14
+6000s 406 -8035.16 -3693.9 1 14
+6000s 407 -6023.31 8629.8 0 14
+6000s 408 90.5797 1774.97 1 14
+6000s 409 -7150.83 -1026 0 14
+6000s 410 9481.61 -8799.49 3 14
+6000s 411 5194.91 -6936.74 1 14
+6000s 412 -1699.11 6359.21 0 14
+6000s 413 -2401.54 2290.5 0 14
+6000s 414 -6894.91 -4744.06 0 14
+6000s 415 -1278.95 927.431 1 14
+6000s 416 8521.6 742.958 2 14
+6000s 417 1387.81 9284.94 0 14
+6000s 418 -2078.74 718.415 0 14
+6000s 419 -4617.94 7873.11 1 14
+6000s 420 -9258.95 6959.93 1 14
+6000s 421 -1378.72 -1306.03 0 14
+6000s 422 -6297.44 -6271.09 0 14
+6000s 423 1282.91 -9010.06 0 14
+6000s 424 5320.32 1788.66 0 14
+6000s 425 881.932 2865.92 0 14
+6000s 426 2309.43 6535 0 14
+6000s 427 7647.95 -9520.73 1 14
+6000s 428 9006.75 -7325.65 1 14
+6000s 429 7399.16 -106.866 0 14
+6000s 430 2455.87 -3014.17 0 14
+6000s 431 4719.98 -9163.1 0 14
+6000s 432 1565.08 -5496.85 1 14
+6000s 433 -9307.37 9124.98 1 14
+6000s 434 -7235.37 9643.55 1 14
+6000s 435 2922.96 -3111.25 1 14
+6000s 436 8120.24 -2199.14 1 14
