+0s 0 0 0 0 0 0 0 
+0s 1 0 0 0 0 0 0 
+0s 2 0 0 0 0 0 0 
+0s 3 0 0 0 0 0 0 
+0s 4 0 0 0 0 0 0 
+0s 5 0 0 0 0 0 0 
+0s 6 0 0 0 0 0 0 
+0s 7 0 0 0 0 0 0 
+0s 8 0 0 0 0 0 0 
+0s 9 0 0 0 0 0 0 
+0s 10 0 0 0 0 0 0 
+0s 11 0 0 0 0 0 0 
+0s 12 0 0 0 0 0 0 
+0s 13 0 0 0 0 0 0 
+0s 14 0 0 0 0 0 0 
+0s 15 0 0 0 0 0 0 
+0s 16 0 0 0 0 0 0 
+0s 17 0 0 0 0 0 0 
+0s 18 0 0 0 0 0 0 
+0s 19 0 0 0 0 0 0 
+0s 20 0 0 0 0 0 0 
+0s 21 0 0 0 0 0 0 
+0s 22 0 0 0 0 0 0 
+0s 23 0 0 0 0 0 0 
+0s 24 0 0 0 0 0 0 
+0s 25 0 0 0 0 0 0 
+0s 26 0 0 0 0 0 0 
+0s 27 0 0 0 0 0 0 
+0s 28 0 0 0 0 0 0 
+0s 29 0 0 0 0 0 0 
+0s 30 0 0 0 0 0 0 
+0s 31 0 0 0 0 0 0 
+0s 32 0 0 0 0 0 0 
+0s 33 0 0 0 0 0 0 
+0s 34 0 0 0 0 0 0 
+0s 35 0 0 0 0 0 0 
+0s 36 0 0 0 0 0 0 
+1200s 0 400 126 7 0 267 0 
+1200s 1 400 132 7 0 261 0 
+1200s 2 400 134 10 0 256 0 
+1200s 3 400 137 7 0 256 0 
+1200s 4 400 126 6 0 268 0 
+1200s 5 400 127 4 0 269 0 
+1200s 6 400 124 10 0 266 0 
+1200s 7 400 81 5 0 314 0 
+1200s 8 400 94 6 0 300 0 
+1200s 9 400 100 6 0 294 0 
+1200s 10 400 81 6 0 313 0 
+1200s 11 400 82 7 0 311 0 
+1200s 12 400 87 3 0 310 0 
+1200s 13 400 89 4 0 307 0 
+1200s 14 400 60 2 0 338 0 
+1200s 15 400 93 2 0 305 0 
+1200s 16 400 87 3 0 310 0 
+1200s 17 400 88 4 0 308 0 
+1200s 18 400 79 6 0 315 0 
+1200s 19 400 14 0 0 386 0 
+1200s 20 400 38 1 0 361 0 
+1200s 21 400 41 1 0 358 0 
+1200s 22 400 42 0 0 358 0 
+1200s 23 400 50 1 0 349 0 
+1200s 24 400 20 0 0 380 0 
+1200s 25 400 35 2 0 363 0 
+1200s 26 400 33 4 0 363 0 
+1200s 27 400 30 1 0 369 0 
+1200s 28 400 48 1 0 351 0 
+1200s 29 400 37 0 0 363 0 
+1200s 30 400 8 0 0 392 0 
+1200s 31 400 33 1 0 366 0 
+1200s 32 400 46 0 0 354 0 
+1200s 33 400 37 0 0 363 0 
+1200s 34 400 44 0 0 356 0 
+1200s 35 400 34 2 0 364 0 
+1200s 36 400 30 2 0 368 0 
+2400s 0 400 119 12 0 269 0 
+2400s 1 400 126 10 0 264 0 
+2400s 2 400 133 9 0 258 0 
+2400s 3 400 134 9 0 257 0 
+2400s 4 400 114 11 0 275 0 
+2400s 5 400 129 9 0 262 0 
+2400s 6 400 125 16 0 259 0 
+2400s 7 400 83 6 0 311 0 
+2400s 8 400 95 5 0 300 0 
+2400s 9 400 97 9 0 294 0 
+2400s 10 400 83 3 0 314 0 
+2400s 11 400 91 4 0 305 0 
+2400s 12 400 76 6 0 318 0 
+2400s 13 400 93 9 0 298 0 
+2400s 14 400 58 2 0 340 0 
+2400s 15 400 95 2 0 303 0 
+2400s 16 400 84 2 0 314 0 
+2400s 17 400 87 2 0 311 0 
+2400s 18 400 81 3 0 316 0 
+2400s 19 400 16 0 0 384 0 
+2400s 20 400 41 0 0 359 0 
+2400s 21 400 51 1 0 348 0 
+2400s 22 400 47 1 0 352 0 
+2400s 23 400 48 5 0 347 0 
+2400s 24 400 26 0 0 374 0 
+2400s 25 400 36 2 0 362 0 
+2400s 26 400 39 2 0 359 0 
+2400s 27 400 23 2 0 375 0 
+2400s 28 400 46 3 0 351 0 
+2400s 29 400 36 1 0 363 0 
+2400s 30 400 8 0 0 392 0 
+2400s 31 400 32 1 0 367 0 
+2400s 32 400 49 0 0 351 0 
+2400s 33 400 29 1 0 370 0 
+2400s 34 400 40 1 0 359 0 
+2400s 35 400 32 0 0 368 0 
+2400s 36 400 33 0 0 367 0 
+3600s 0 400 132 9 0 259 0 
+3600s 1 400 130 11 0 259 0 
+3600s 2 400 135 8 0 257 0 
+3600s 3 400 138 12 0 250 0 
+3600s 4 400 122 3 0 275 0 
+3600s 5 400 136 5 0 259 0 
+3600s 6 400 135 9 0 256 0 
+3600s 7 400 82 4 0 314 0 
+3600s 8 400 100 1 0 299 0 
+3600s 9 400 95 9 0 296 0 
+3600s 10 400 79 3 0 318 0 
+3600s 11 400 89 6 0 305 0 
+3600s 12 400 75 4 0 321 0 
+3600s 13 400 95 4 0 301 0 
+3600s 14 400 70 0 0 330 0 
+3600s 15 400 93 1 0 306 0 
+3600s 16 400 80 3 0 317 0 
+3600s 17 400 88 1 0 311 0 
+3600s 18 400 76 4 0 320 0 
+3600s 19 400 15 0 0 385 0 
+3600s 20 400 45 0 0 355 0 
+3600s 21 400 46 6 0 348 0 
+3600s 22 400 41 1 0 358 0 
+3600s 23 400 47 4 0 349 0 
+3600s 24 400 21 0 0 379 0 
+3600s 25 400 32 3 0 365 0 
+3600s 26 400 35 5 0 360 0 
+3600s 27 400 31 0 0 369 0 
+3600s 28 400 48 0 0 352 0 
+3600s 29 400 38 0 0 362 0 
+3600s 30 400 7 0 0 393 0 
+3600s 31 400 33 0 0 367 0 
+3600s 32 400 47 1 0 352 0 
+3600s 33 400 31 2 0 367 0 
+3600s 34 400 38 0 0 362 0 
+3600s 35 400 35 0 0 365 0 
+3600s 36 400 27 2 0 371 0 
+4800s 0 400 126 12 0 254 8 
+4800s 1 400 123 14 0 257 6 
+4800s 2 400 132 13 0 249 6 
+4800s 3 400 126 19 0 253 2 
+4800s 4 400 112 9 0 276 3 
+4800s 5 400 122 3 0 268 7 
+4800s 6 400 130 8 0 258 4 
+4800s 7 400 85 3 0 305 7 
+4800s 8 400 89 7 0 301 3 
+4800s 9 400 93 6 0 298 3 
+4800s 10 400 77 7 0 312 4 
+4800s 11 400 73 11 0 307 9 
+4800s 12 400 72 8 0 316 4 
+4800s 13 400 86 7 0 301 6 
+4800s 14 400 61 4 0 332 3 
+4800s 15 400 91 7 0 301 1 
+4800s 16 400 81 3 0 310 6 
+4800s 17 400 86 6 0 305 3 
+4800s 18 400 72 4 0 319 5 
+4800s 19 400 16 0 0 384 0 
+4800s 20 400 44 0 0 354 2 
+4800s 21 400 51 0 0 347 2 
+4800s 22 400 41 3 0 352 4 
+4800s 23 400 46 2 0 350 2 
+4800s 24 400 23 0 0 376 1 
+4800s 25 400 35 2 0 362 1 
+4800s 26 400 31 5 0 364 0 
+4800s 27 400 26 2 0 368 4 
+4800s 28 400 47 5 0 344 4 
+4800s 29 400 38 1 0 361 0 
+4800s 30 400 11 0 0 389 0 
+4800s 31 400 31 0 0 369 0 
+4800s 32 400 42 2 0 353 3 
+4800s 33 400 32 0 0 367 1 
+4800s 34 400 35 1 0 362 2 
+4800s 35 400 35 0 0 364 1 
+4800s 36 400 33 2 0 364 1 
+6000s 0 400 126 4 0 269 1 
+6000s 1 400 126 1 0 272 1 
+6000s 2 400 118 0 0 277 5 
+6000s 3 400 118 9 0 264 9 
+6000s 4 400 111 6 0 281 2 
+6000s 5 400 112 5 0 278 5 
+6000s 6 400 127 1 0 272 0 
+6000s 7 400 74 1 0 324 1 
+6000s 8 400 89 1 0 308 2 
+6000s 9 400 92 3 0 303 2 
+6000s 10 400 70 1 0 328 1 
+6000s 11 400 77 2 0 320 1 
+6000s 12 400 72 2 0 322 4 
+6000s 13 400 80 5 0 312 3 
+6000s 14 400 58 4 0 338 0 
+6000s 15 400 79 0 0 318 3 
+6000s 16 400 73 2 0 323 2 
+6000s 17 400 77 2 0 320 1 
+6000s 18 400 71 1 0 327 1 
+6000s 19 400 11 0 0 389 0 
+6000s 20 400 29 0 0 370 1 
+6000s 21 400 43 1 0 356 0 
+6000s 22 400 44 0 0 355 1 
+6000s 23 400 42 1 0 355 2 
+6000s 24 400 20 0 0 380 0 
+6000s 25 400 33 1 0 366 0 
+6000s 26 400 32 2 0 366 0 
+6000s 27 400 27 0 0 372 1 
+6000s 28 400 45 1 0 354 0 
+6000s 29 400 33 0 0 367 0 
+6000s 30 400 4 0 0 396 0 
+6000s 31 400 31 0 0 369 0 
+6000s 32 400 40 1 0 358 1 
+6000s 33 400 26 0 0 374 0 
+6000s 34 400 37 0 0 363 0 
+6000s 35 400 26 0 0 374 0 
+6000s 36 400 25 0 0 375 0 
